1.807122e+00
1.911913e+00
2.005506e+00
2.105514e+00
2.206458e+00
2.307815e+00
2.406316e+00
2.505909e+00
2.607881e+00
2.705713e+00
2.805580e+00
2.907646e+00
3.005443e+00
3.105660e+00
3.205691e+00
3.305719e+00
3.405682e+00
3.506726e+00
3.608022e+00
3.706010e+00
3.807977e+00
3.908219e+00
4.005610e+00
4.105849e+00
4.206546e+00
4.307598e+00
4.405651e+00
4.506215e+00
4.605886e+00
4.706922e+00
4.805743e+00
4.914393e+00
5.006768e+00
5.107806e+00
5.206484e+00
5.306823e+00
5.406021e+00
5.506366e+00
5.606157e+00
5.706268e+00
5.813684e+00
5.906594e+00
6.007517e+00
6.106146e+00
6.206235e+00
6.306476e+00
6.406655e+00
6.506569e+00
6.606691e+00
6.707930e+00
6.806735e+00
6.906681e+00
7.014701e+00
7.107109e+00
7.206537e+00
7.306744e+00
7.407948e+00
7.508752e+00
7.606844e+00
7.708421e+00
7.808541e+00
7.908121e+00
8.007288e+00
8.107142e+00
8.208533e+00
8.331229e+00
8.407511e+00
8.508554e+00
8.609268e+00
8.706869e+00
8.807280e+00
8.908627e+00
9.007466e+00
9.107321e+00
9.208210e+00
9.307471e+00
9.407383e+00
9.507790e+00
9.608237e+00
9.707354e+00
9.807462e+00
9.907607e+00
1.000756e+01
1.010750e+01
1.020755e+01
1.030761e+01
1.040758e+01
1.050753e+01
1.060811e+01
1.070759e+01
1.080758e+01
1.090769e+01
1.100779e+01
1.110779e+01
1.120832e+01
1.130785e+01
1.140766e+01
1.150768e+01
1.160781e+01
1.170782e+01
1.180791e+01
1.190774e+01
1.200808e+01
1.210797e+01
1.220791e+01
1.230803e+01
1.240800e+01
1.250809e+01
1.260819e+01
1.270818e+01
1.280820e+01
1.290816e+01
1.300851e+01
1.310829e+01
1.320834e+01
1.330829e+01
1.340860e+01
1.350828e+01
1.360838e+01
1.370853e+01
1.380858e+01
1.390859e+01
1.400861e+01
1.410859e+01
1.420841e+01
1.430863e+01
1.440866e+01
1.450882e+01
1.460873e+01
1.470873e+01
1.480877e+01
1.491098e+01
1.500866e+01
1.510904e+01
1.520903e+01
1.530913e+01
1.540916e+01
1.550904e+01
1.560908e+01
1.570914e+01
1.580928e+01
1.590888e+01
1.601190e+01
1.610896e+01
1.620919e+01
1.630926e+01
1.640920e+01
1.650938e+01
1.660928e+01
1.670931e+01
1.680935e+01
1.690937e+01
1.700944e+01
1.710950e+01
1.720956e+01
1.730955e+01
1.740956e+01
1.750963e+01
1.760967e+01
1.770967e+01
1.780971e+01
1.790972e+01
1.800974e+01
1.810977e+01
1.820974e+01
1.830995e+01
1.840981e+01
1.850993e+01
1.860989e+01
1.870994e+01
1.881000e+01
1.890997e+01
1.900999e+01
1.910998e+01
1.921001e+01
1.931014e+01
1.941010e+01
1.951015e+01
1.961009e+01
1.971000e+01
1.981022e+01
1.991028e+01
2.001030e+01
2.011028e+01
2.021036e+01
2.031036e+01
2.041017e+01
2.051046e+01
2.061050e+01
2.071053e+01
2.081068e+01
2.091065e+01
2.101064e+01
2.111075e+01
2.121064e+01
2.131089e+01
2.141078e+01
2.151099e+01
2.161189e+01
2.171086e+01
2.181089e+01
2.191095e+01
2.201089e+01
2.211091e+01
2.221088e+01
2.231098e+01
2.241110e+01
2.251129e+01
2.261122e+01
2.271130e+01
2.281124e+01
2.291134e+01
2.301153e+01
2.311139e+01
2.321134e+01
2.331145e+01
2.341153e+01
2.351123e+01
2.361132e+01
2.371150e+01
2.381161e+01
2.391187e+01
2.401148e+01
2.411144e+01
2.421155e+01
2.431186e+01
2.441201e+01
2.451226e+01
2.461197e+01
2.471258e+01
2.481193e+01
2.491190e+01
2.501222e+01
2.511262e+01
2.521258e+01
2.531210e+01
2.541249e+01
2.551199e+01
2.561207e+01
2.571263e+01
2.581237e+01
2.591240e+01
2.601252e+01
2.611249e+01
2.621258e+01
2.631228e+01
2.641280e+01
2.651233e+01
2.661963e+01
2.671232e+01
2.681261e+01
2.691237e+01
2.701236e+01
2.711289e+01
2.721324e+01
2.731251e+01
2.741302e+01
2.751308e+01
2.761271e+01
2.771254e+01
2.781308e+01
2.791289e+01
2.801318e+01
2.811290e+01
2.821289e+01
2.831309e+01
2.841362e+01
2.851319e+01
2.861275e+01
2.871302e+01
2.881295e+01
2.891297e+01
2.901302e+01
2.911307e+01
2.921323e+01
2.931301e+01
2.941320e+01
2.951321e+01
2.961339e+01
2.971331e+01
2.981339e+01
2.991351e+01
3.001367e+01
3.011347e+01
3.021382e+01
3.031385e+01
3.041329e+01
3.051363e+01
3.061348e+01
3.071380e+01
3.081420e+01
3.091348e+01
3.101364e+01
3.111360e+01
3.121360e+01
3.131389e+01
3.141368e+01
3.151388e+01
3.161364e+01
3.171394e+01
3.181414e+01
3.191391e+01
3.201394e+01
3.211424e+01
3.221408e+01
3.231432e+01
3.241486e+01
3.251480e+01
3.261452e+01
3.271409e+01
3.281497e+01
3.291501e+01
3.301460e+01
3.311497e+01
3.321427e+01
3.331425e+01
3.341430e+01
3.351532e+01
3.361442e+01
3.371442e+01
3.381418e+01
3.391509e+01
3.401469e+01
3.411448e+01
3.421513e+01
3.431492e+01
3.441468e+01
3.451433e+01
3.461476e+01
3.471561e+01
3.481477e+01
3.491530e+01
3.501502e+01
3.511476e+01
3.521479e+01
3.531495e+01
3.541477e+01
3.551500e+01
3.561491e+01
3.571521e+01
3.581504e+01
3.591498e+01
3.601512e+01
3.611510e+01
3.621513e+01
3.631545e+01
3.641526e+01
3.651520e+01
3.661524e+01
3.671515e+01
3.681525e+01
3.691535e+01
3.701565e+01
3.711559e+01
3.721578e+01
3.731575e+01
3.741556e+01
3.751547e+01
3.761525e+01
3.771554e+01
3.781553e+01
3.791570e+01
3.801560e+01
3.811568e+01
3.822766e+01
3.831565e+01
3.841565e+01
3.851573e+01
3.861575e+01
3.871583e+01
3.881593e+01
3.891584e+01
3.901600e+01
3.911588e+01
3.921592e+01
3.931591e+01
3.941593e+01
3.951601e+01
3.961600e+01
3.971605e+01
3.981608e+01
3.991628e+01
4.001599e+01
4.011629e+01
4.021632e+01
4.031629e+01
4.041633e+01
4.051635e+01
4.061628e+01
4.071633e+01
4.081651e+01
4.091642e+01
4.101638e+01
4.111642e+01
4.121651e+01
4.131656e+01
4.141657e+01
4.151668e+01
4.161661e+01
4.171661e+01
4.181669e+01
4.191688e+01
4.201690e+01
4.211947e+01
4.221667e+01
4.231722e+01
4.241728e+01
4.251721e+01
4.261731e+01
4.271727e+01
4.281738e+01
4.291732e+01
4.301729e+01
4.311737e+01
4.321739e+01
4.331737e+01
4.341743e+01
4.351745e+01
4.361756e+01
4.371746e+01
4.381751e+01
4.391773e+01
4.401766e+01
4.411754e+01
4.421749e+01
4.431764e+01
4.441763e+01
4.451754e+01
4.461763e+01
4.471775e+01
4.481768e+01
4.491768e+01
4.501785e+01
4.511787e+01
4.521784e+01
4.531790e+01
4.541793e+01
4.551792e+01
4.561790e+01
4.571790e+01
4.581794e+01
4.591797e+01
4.601807e+01
4.611804e+01
4.621815e+01
4.631799e+01
4.641820e+01
4.651832e+01
4.661832e+01
4.671833e+01
4.681838e+01
4.691829e+01
4.701831e+01
4.711797e+01
4.721838e+01
4.731831e+01
4.741845e+01
4.751837e+01
4.761873e+01
4.771852e+01
4.781850e+01
4.791856e+01
4.801859e+01
4.811865e+01
4.821864e+01
4.831867e+01
4.841894e+01
4.851879e+01
4.861870e+01
4.871875e+01
4.881878e+01
4.891877e+01
4.901891e+01
4.911886e+01
4.921898e+01
4.931898e+01
4.941894e+01
4.951903e+01
4.961905e+01
4.971902e+01
4.981912e+01
4.992017e+01
5.001914e+01
5.011928e+01
5.021927e+01
5.031921e+01
5.041924e+01
5.051944e+01
5.061954e+01
5.071938e+01
5.081963e+01
5.091960e+01
5.101943e+01
5.111961e+01
5.121973e+01
5.131967e+01
5.141971e+01
5.151965e+01
5.161975e+01
5.171968e+01
5.181984e+01
5.192043e+01
5.202004e+01
5.212752e+01
5.221964e+01
5.232002e+01
5.241985e+01
5.251990e+01
5.262013e+01
5.271993e+01
5.281993e+01
5.291999e+01
5.302030e+01
5.312022e+01
5.322010e+01
5.332007e+01
5.342024e+01
5.353586e+01
5.362019e+01
5.372030e+01
5.382027e+01
5.392023e+01
5.402046e+01
5.412039e+01
5.422035e+01
5.432037e+01
5.442042e+01
5.452047e+01
5.462041e+01
5.472128e+01
5.482061e+01
5.492076e+01
5.502065e+01
5.512068e+01
5.522079e+01
5.532070e+01
5.542080e+01
5.552079e+01
5.562086e+01
5.572088e+01
5.582086e+01
5.592072e+01
5.602095e+01
5.612099e+01
5.622100e+01
5.633161e+01
5.642083e+01
5.652118e+01
5.662118e+01
5.672114e+01
5.682129e+01
5.692121e+01
5.702129e+01
5.712127e+01
5.722227e+01
5.732138e+01
5.742129e+01
5.752129e+01
5.762141e+01
5.772157e+01
5.782145e+01
5.792151e+01
5.802149e+01
5.812157e+01
5.822161e+01
5.832157e+01
5.842160e+01
5.852161e+01
5.863579e+01
5.872147e+01
5.882188e+01
5.892241e+01
5.902226e+01
5.912270e+01
5.922202e+01
5.932282e+01
5.942333e+01
5.952275e+01
5.962227e+01
5.972295e+01
5.982233e+01
5.992229e+01
6.002305e+01
6.012224e+01
6.022222e+01
6.032231e+01
6.042290e+01
6.052240e+01
6.062740e+01
6.072217e+01
6.082247e+01
6.092280e+01
6.102258e+01
6.112268e+01
6.122253e+01
6.132261e+01
6.142330e+01
6.152268e+01
6.162281e+01
6.172292e+01
6.182348e+01
6.192300e+01
6.202294e+01
6.212294e+01
6.222332e+01
6.232306e+01
6.242308e+01
6.252328e+01
6.262323e+01
6.272327e+01
6.282319e+01
6.292314e+01
6.302332e+01
6.312347e+01
6.322331e+01
6.332335e+01
6.342345e+01
6.352363e+01
6.362343e+01
6.372366e+01
6.382373e+01
6.392353e+01
6.402357e+01
6.412369e+01
6.422363e+01
6.432337e+01
6.442344e+01
6.452321e+01
6.462348e+01
6.472570e+01
6.482349e+01
6.492350e+01
6.502415e+01
6.512394e+01
6.522404e+01
6.532407e+01
6.542403e+01
6.552407e+01
6.562389e+01
6.572884e+01
6.582359e+01
6.592372e+01
6.602382e+01
6.612392e+01
6.622389e+01
6.632392e+01
6.642391e+01
6.652403e+01
6.662398e+01
6.672407e+01
6.682415e+01
6.692416e+01
6.702436e+01
6.712432e+01
6.722425e+01
6.732432e+01
6.742442e+01
6.752435e+01
6.762428e+01
6.772436e+01
6.782452e+01
6.792440e+01
6.802451e+01
6.812455e+01
6.822456e+01
6.832460e+01
6.842466e+01
6.852457e+01
6.862466e+01
6.872486e+01
6.882496e+01
6.892477e+01
6.902468e+01
6.912482e+01
6.922490e+01
6.932488e+01
6.942487e+01
6.952525e+01
6.962494e+01
6.972505e+01
6.982514e+01
6.992498e+01
7.002507e+01
7.012507e+01
7.022535e+01
7.032526e+01
7.042535e+01
7.052531e+01
7.062530e+01
7.072525e+01
7.082550e+01
7.092627e+01
7.102543e+01
7.112537e+01
7.122551e+01
7.132525e+01
7.142556e+01
7.152557e+01
7.162603e+01
7.172565e+01
7.182571e+01
7.192600e+01
7.203577e+01
7.212546e+01
7.222563e+01
7.232622e+01
7.242614e+01
7.252608e+01
7.262633e+01
7.272630e+01
7.282593e+01
7.292595e+01
7.302628e+01
7.312602e+01
7.322609e+01
7.332609e+01
7.342612e+01
7.352613e+01
7.362616e+01
7.372635e+01
7.382624e+01
7.392627e+01
7.403165e+01
7.412605e+01
7.422639e+01
7.432649e+01
7.442654e+01
7.452648e+01
7.462627e+01
7.472651e+01
7.482668e+01
7.492671e+01
7.502658e+01
7.512668e+01
7.522680e+01
7.532671e+01
7.542686e+01
7.552677e+01
7.562705e+01
7.572689e+01
7.582672e+01
7.592679e+01
7.602681e+01
7.612672e+01
7.622703e+01
7.632708e+01
7.642684e+01
7.652702e+01
7.662703e+01
7.672702e+01
7.682713e+01
7.692701e+01
7.702709e+01
7.712732e+01
7.722747e+01
7.732719e+01
7.742723e+01
7.752745e+01
7.762951e+01
7.772713e+01
7.782746e+01
7.792764e+01
7.802754e+01
7.812739e+01
7.822744e+01
7.832766e+01
7.842747e+01
7.852774e+01
7.862764e+01
7.872810e+01
7.882765e+01
7.892761e+01
7.902779e+01
7.912774e+01
7.922775e+01
7.932784e+01
7.942878e+01
7.952765e+01
7.962806e+01
7.972866e+01
7.982908e+01
7.992804e+01
8.002813e+01
8.012820e+01
8.022814e+01
8.032816e+01
8.042819e+01
8.052820e+01
8.062823e+01
8.072833e+01
8.082950e+01
8.092895e+01
8.102938e+01
8.112923e+01
8.122921e+01
8.132852e+01
8.142864e+01
8.152910e+01
8.162850e+01
8.172852e+01
8.182864e+01
8.192868e+01
8.202859e+01
8.213965e+01
8.222913e+01
8.232875e+01
8.242879e+01
8.252878e+01
8.262883e+01
8.272885e+01
8.282914e+01
8.292891e+01
8.302878e+01
8.312884e+01
8.322955e+01
8.332914e+01
8.342915e+01
8.352898e+01
8.362959e+01
8.372916e+01
8.382926e+01
8.393015e+01
8.403041e+01
8.412933e+01
8.422928e+01
8.432940e+01
8.442936e+01
8.453172e+01
8.462986e+01
8.472938e+01
8.482934e+01
8.492920e+01
8.502939e+01
8.512949e+01
8.522956e+01
8.532956e+01
8.542961e+01
8.552965e+01
8.562965e+01
8.572964e+01
8.582978e+01
8.592987e+01
8.603026e+01
8.613002e+01
8.623000e+01
8.633028e+01
8.642999e+01
8.653000e+01
8.663006e+01
8.673049e+01
8.683008e+01
8.693016e+01
8.703028e+01
8.713015e+01
8.723026e+01
8.733027e+01
8.743032e+01
8.753061e+01
8.763039e+01
8.773039e+01
8.783071e+01
8.793049e+01
8.803043e+01
8.813136e+01
8.823047e+01
8.833059e+01
8.843072e+01
8.853063e+01
8.863066e+01
8.873065e+01
8.883067e+01
8.893068e+01
8.903075e+01
8.913081e+01
8.923095e+01
8.933103e+01
8.943088e+01
8.953100e+01
8.963102e+01
8.973067e+01
8.983091e+01
8.993104e+01
9.003094e+01
9.013142e+01
9.023096e+01
9.033101e+01
9.043080e+01
9.053113e+01
9.063112e+01
9.073109e+01
9.083120e+01
9.093126e+01
9.103123e+01
9.113133e+01
9.123123e+01
9.133132e+01
9.143129e+01
9.153132e+01
9.163155e+01
9.173150e+01
9.183160e+01
9.193150e+01
9.203186e+01
9.213161e+01
9.223163e+01
9.233164e+01
9.243173e+01
9.253181e+01
9.263147e+01
9.273171e+01
9.283167e+01
9.293179e+01
9.303177e+01
9.313175e+01
9.323176e+01
9.333189e+01
9.343190e+01
9.353187e+01
9.363189e+01
9.373206e+01
9.383195e+01
9.393212e+01
9.403227e+01
9.413210e+01
9.423216e+01
9.433223e+01
9.443223e+01
9.453222e+01
9.463230e+01
9.473242e+01
9.483226e+01
9.493234e+01
9.503235e+01
9.513239e+01
9.523246e+01
9.533248e+01
9.543255e+01
9.553257e+01
9.563267e+01
9.573258e+01
9.583262e+01
9.593269e+01
9.605169e+01
9.613259e+01
9.623277e+01
9.633276e+01
9.643274e+01
9.653290e+01
9.663285e+01
9.673286e+01
9.683294e+01
9.693289e+01
9.703306e+01
9.713296e+01
9.724762e+01
9.733284e+01
9.743289e+01
9.753310e+01
9.763316e+01
9.773336e+01
9.783325e+01
9.793328e+01
9.803339e+01
9.813336e+01
9.823328e+01
9.833338e+01
9.843345e+01
9.853347e+01
9.863357e+01
9.873368e+01
9.883359e+01
9.893371e+01
9.903401e+01
9.913412e+01
9.923410e+01
9.933387e+01
9.943412e+01
9.953408e+01
9.963379e+01
9.973441e+01
9.983407e+01
9.993411e+01
1.000342e+02
1.001341e+02
1.002348e+02
1.003340e+02
1.004345e+02
1.005345e+02
1.006345e+02
1.007347e+02
1.008345e+02
1.009351e+02
1.010342e+02
1.011352e+02
1.012346e+02
1.013348e+02
1.014345e+02
1.015350e+02
1.016350e+02
1.017344e+02
1.018348e+02
1.019348e+02
1.020349e+02
1.021348e+02
1.022351e+02
1.023355e+02
1.024347e+02
1.025349e+02
1.026351e+02
1.027348e+02
1.028355e+02
1.029348e+02
1.030350e+02
1.031350e+02
1.032349e+02
1.033353e+02
1.034355e+02
1.035351e+02
1.036351e+02
1.037351e+02
1.038353e+02
1.039353e+02
1.040356e+02
1.041352e+02
1.042353e+02
1.043355e+02
1.044370e+02
1.045355e+02
1.046352e+02
1.047356e+02
1.048357e+02
1.049355e+02
1.050356e+02
1.051357e+02
1.052356e+02
1.053354e+02
1.054363e+02
1.055355e+02
1.056358e+02
1.057367e+02
1.058357e+02
1.059367e+02
1.060357e+02
1.061368e+02
1.062359e+02
1.063357e+02
1.064358e+02
1.065359e+02
1.066357e+02
1.067361e+02
1.068364e+02
1.069367e+02
1.070370e+02
1.071361e+02
1.072372e+02
1.073361e+02
1.074361e+02
1.075373e+02
1.076365e+02
1.077366e+02
1.078368e+02
1.079362e+02
1.080361e+02
1.081362e+02
1.082368e+02
1.083372e+02
1.084363e+02
1.085369e+02
1.086364e+02
1.087364e+02
1.088364e+02
1.089368e+02
1.090365e+02
1.091366e+02
1.092366e+02
1.093372e+02
1.094373e+02
1.095367e+02
1.096373e+02
1.097371e+02
1.098365e+02
1.099367e+02
1.100373e+02
1.101379e+02
1.102368e+02
1.103375e+02
1.104369e+02
1.105372e+02
1.106368e+02
1.107377e+02
1.108371e+02
1.109370e+02
1.110379e+02
1.111377e+02
1.112374e+02
1.113376e+02
1.114378e+02
1.115380e+02
1.116380e+02
1.117382e+02
1.118381e+02
1.119375e+02
1.120375e+02
1.121377e+02
1.122377e+02
1.123435e+02
1.124373e+02
1.125375e+02
1.126375e+02
1.127377e+02
1.128376e+02
1.129377e+02
1.130376e+02
1.131377e+02
1.132378e+02
1.133378e+02
1.134378e+02
1.135378e+02
1.136379e+02
1.137379e+02
1.138378e+02
1.139380e+02
1.140379e+02
1.141381e+02
1.142380e+02
1.143381e+02
1.144381e+02
1.145381e+02
1.146382e+02
1.147382e+02
1.148382e+02
1.149384e+02
1.150382e+02
1.151386e+02
1.152387e+02
1.153386e+02
1.154388e+02
1.155383e+02
1.156388e+02
1.157387e+02
1.158386e+02
1.159385e+02
1.160387e+02
1.161387e+02
1.162387e+02
1.163388e+02
1.164387e+02
1.165387e+02
1.166388e+02
1.167388e+02
1.168389e+02
1.169389e+02
1.170390e+02
1.171390e+02
1.172390e+02
1.173390e+02
1.174390e+02
1.175393e+02
1.176392e+02
1.177392e+02
1.178391e+02
1.179393e+02
1.180392e+02
1.181392e+02
1.182393e+02
1.183395e+02
1.184393e+02
1.185394e+02
1.186395e+02
1.187397e+02
1.188396e+02
1.189397e+02
1.190394e+02
1.191396e+02
1.192396e+02
1.193397e+02
1.194397e+02
1.195397e+02
1.196398e+02
1.197439e+02
1.198397e+02
1.199399e+02
1.200402e+02
1.201399e+02
1.202400e+02
1.203400e+02
1.204398e+02
1.205400e+02
1.206400e+02
1.207400e+02
1.208399e+02
1.209402e+02
1.210401e+02
1.211402e+02
1.212402e+02
1.213400e+02
1.214403e+02
1.215403e+02
1.216403e+02
1.217406e+02
1.218404e+02
1.219405e+02
1.220405e+02
1.221405e+02
1.222406e+02
1.223406e+02
1.224407e+02
1.225556e+02
1.226405e+02
1.227406e+02
1.228408e+02
1.229408e+02
1.230407e+02
1.231409e+02
1.232407e+02
1.233408e+02
1.234411e+02
1.235408e+02
1.236409e+02
1.237409e+02
1.238410e+02
1.239410e+02
1.240410e+02
1.241410e+02
1.242411e+02
1.243412e+02
1.244414e+02
1.245412e+02
1.246411e+02
1.247413e+02
1.248413e+02
1.249413e+02
1.250413e+02
1.251413e+02
1.252414e+02
1.253415e+02
1.254414e+02
1.255414e+02
1.256416e+02
1.257416e+02
1.258416e+02
1.259557e+02
1.260417e+02
1.261418e+02
1.262419e+02
1.263521e+02
1.264417e+02
1.265419e+02
1.266420e+02
1.267421e+02
1.268416e+02
1.269418e+02
1.270418e+02
1.271418e+02
1.272425e+02
1.273420e+02
1.274431e+02
1.275420e+02
1.276419e+02
1.277421e+02
1.278422e+02
1.279420e+02
1.280423e+02
1.281421e+02
1.282422e+02
1.283422e+02
1.284423e+02
1.285427e+02
1.286424e+02
1.287435e+02
1.288426e+02
1.289425e+02
1.290425e+02
1.291422e+02
1.292424e+02
1.293426e+02
1.294435e+02
1.295426e+02
1.296431e+02
1.297429e+02
1.298427e+02
1.299427e+02
1.300433e+02
1.301430e+02
1.302438e+02
1.303427e+02
1.304427e+02
1.305431e+02
1.306431e+02
1.307441e+02
1.308432e+02
1.309429e+02
1.310429e+02
1.311430e+02
1.312439e+02
1.313432e+02
1.314446e+02
1.315438e+02
1.316434e+02
1.317434e+02
1.318435e+02
1.319456e+02
1.320435e+02
1.321598e+02
1.322440e+02
1.323437e+02
1.324438e+02
1.325438e+02
1.326437e+02
1.327435e+02
1.328435e+02
1.329445e+02
1.330450e+02
1.331448e+02
1.332516e+02
1.333436e+02
1.334441e+02
1.335442e+02
1.336449e+02
1.337452e+02
1.338443e+02
1.339443e+02
1.340455e+02
1.341451e+02
1.342438e+02
1.343441e+02
1.344442e+02
1.345441e+02
1.346442e+02
1.347452e+02
1.348443e+02
1.349443e+02
1.350443e+02
1.351450e+02
1.352443e+02
1.353443e+02
1.354447e+02
1.355445e+02
1.356446e+02
1.357455e+02
1.358458e+02
1.359453e+02
1.360447e+02
1.361445e+02
1.362448e+02
1.363450e+02
1.364448e+02
1.365446e+02
1.366447e+02
1.367448e+02
1.368447e+02
1.369449e+02
1.370449e+02
1.371449e+02
1.372449e+02
1.373454e+02
1.374451e+02
1.375451e+02
1.376450e+02
1.377451e+02
1.378450e+02
1.379452e+02
1.380451e+02
1.381452e+02
1.382452e+02
1.383452e+02
1.384453e+02
1.385454e+02
1.386456e+02
1.387456e+02
1.388454e+02
1.389455e+02
1.390454e+02
1.391455e+02
1.392456e+02
1.393454e+02
1.394455e+02
1.395457e+02
1.396458e+02
1.397457e+02
1.398457e+02
1.399456e+02
1.400457e+02
1.401458e+02
1.402457e+02
1.403458e+02
1.404459e+02
1.405458e+02
1.406459e+02
1.407460e+02
1.408460e+02
1.409460e+02
1.410459e+02
1.411459e+02
1.412463e+02
1.413465e+02
1.414517e+02
1.415460e+02
1.416461e+02
1.417462e+02
1.418463e+02
1.419465e+02
1.420463e+02
1.421464e+02
1.422465e+02
1.423464e+02
1.424465e+02
1.425463e+02
1.426465e+02
1.427466e+02
1.428466e+02
1.429466e+02
1.430473e+02
1.431465e+02
1.432466e+02
1.433466e+02
1.434466e+02
1.435469e+02
1.436469e+02
1.437468e+02
1.438466e+02
1.439470e+02
1.440470e+02
1.441473e+02
1.442470e+02
1.443470e+02
1.444471e+02
1.445471e+02
1.446470e+02
1.447470e+02
1.448471e+02
1.449473e+02
1.450473e+02
1.451473e+02
1.452475e+02
1.453492e+02
1.454473e+02
1.455475e+02
1.456479e+02
1.457474e+02
1.458477e+02
1.459474e+02
1.460477e+02
1.461478e+02
1.462479e+02
1.463483e+02
1.464479e+02
1.465476e+02
1.466478e+02
1.467477e+02
1.468477e+02
1.469476e+02
1.470480e+02
1.471478e+02
1.472478e+02
1.473477e+02
1.474479e+02
1.475483e+02
1.476478e+02
1.477483e+02
1.478479e+02
1.479480e+02
1.480481e+02
1.481482e+02
1.482479e+02
1.483481e+02
1.484484e+02
1.485482e+02
1.486489e+02
1.487481e+02
1.488483e+02
1.489483e+02
1.490482e+02
1.491484e+02
1.492486e+02
1.493484e+02
1.494485e+02
1.495486e+02
1.496486e+02
1.497490e+02
1.498489e+02
1.499487e+02
1.500486e+02
1.501486e+02
1.502489e+02
1.503487e+02
1.504488e+02
1.505487e+02
1.506490e+02
1.507491e+02
1.508494e+02
1.509489e+02
1.510489e+02
1.511489e+02
1.512492e+02
1.513490e+02
1.514637e+02
1.515492e+02
1.516493e+02
1.517494e+02
1.518493e+02
1.519497e+02
1.520493e+02
1.521493e+02
1.522494e+02
1.523495e+02
1.524501e+02
1.525493e+02
1.526493e+02
1.527497e+02
1.528495e+02
1.529497e+02
1.530501e+02
1.531497e+02
1.532495e+02
1.533495e+02
1.534495e+02
1.535495e+02
1.536501e+02
1.537497e+02
1.538498e+02
1.539498e+02
1.540498e+02
1.541501e+02
1.542519e+02
1.543502e+02
1.544509e+02
1.545499e+02
1.546499e+02
1.547635e+02
1.548506e+02
1.549554e+02
1.550502e+02
1.551515e+02
1.552502e+02
1.553503e+02
1.554504e+02
1.555506e+02
1.556505e+02
1.557503e+02
1.558504e+02
1.559501e+02
1.560504e+02
1.561509e+02
1.562516e+02
1.563506e+02
1.564506e+02
1.565513e+02
1.566505e+02
1.567506e+02
1.568504e+02
1.569506e+02
1.570505e+02
1.571506e+02
1.572512e+02
1.573507e+02
1.574508e+02
1.575511e+02
1.576508e+02
1.577648e+02
1.578511e+02
1.579515e+02
1.580509e+02
1.581510e+02
1.582521e+02
1.583516e+02
1.584512e+02
1.585512e+02
1.586513e+02
1.587511e+02
1.588511e+02
1.589511e+02
1.590515e+02
1.591512e+02
1.592512e+02
1.593516e+02
1.594516e+02
1.595517e+02
1.596520e+02
1.597513e+02
1.598516e+02
1.599515e+02
1.600517e+02
1.601521e+02
1.602517e+02
1.603517e+02
1.604596e+02
1.605518e+02
1.606519e+02
1.607524e+02
1.608522e+02
1.609518e+02
1.610525e+02
1.611526e+02
1.612519e+02
1.613520e+02
1.614521e+02
1.615521e+02
1.616520e+02
1.617521e+02
1.618529e+02
1.619523e+02
1.620521e+02
1.621521e+02
1.622521e+02
1.623521e+02
1.624522e+02
1.625524e+02
1.626523e+02
1.627525e+02
1.628523e+02
1.629524e+02
1.630526e+02
1.631526e+02
1.632526e+02
1.633526e+02
1.634525e+02
1.635526e+02
1.636527e+02
1.637527e+02
1.638527e+02
1.639527e+02
1.640528e+02
1.641529e+02
1.642528e+02
1.643530e+02
1.644532e+02
1.645531e+02
1.646532e+02
1.647532e+02
1.648532e+02
1.649528e+02
1.650533e+02
1.651533e+02
1.652533e+02
1.653534e+02
1.654533e+02
1.655529e+02
1.656533e+02
1.657597e+02
1.658531e+02
1.659531e+02
1.660535e+02
1.661535e+02
1.662546e+02
1.663538e+02
1.664542e+02
1.665534e+02
1.666534e+02
1.667535e+02
1.668535e+02
1.669535e+02
1.670536e+02
1.671536e+02
1.672536e+02
1.673537e+02
1.674538e+02
1.675539e+02
1.676538e+02
1.677538e+02
1.678539e+02
1.679539e+02
1.680539e+02
1.681539e+02
1.682540e+02
1.683540e+02
1.684538e+02
1.685541e+02
1.686547e+02
1.687539e+02
1.688541e+02
1.689543e+02
1.690542e+02
1.691543e+02
1.692637e+02
1.693541e+02
1.694548e+02
1.695543e+02
1.696544e+02
1.697548e+02
1.698545e+02
1.699544e+02
1.700544e+02
1.701545e+02
1.702545e+02
1.703546e+02
1.704548e+02
1.705548e+02
1.706546e+02
1.707550e+02
1.708551e+02
1.709548e+02
1.710548e+02
1.711549e+02
1.712547e+02
1.713547e+02
1.714548e+02
1.715549e+02
1.716550e+02
1.717551e+02
1.718551e+02
1.719710e+02
1.720560e+02
1.721548e+02
1.722552e+02
1.723554e+02
1.724553e+02
1.725553e+02
1.726554e+02
1.727557e+02
1.728560e+02
1.729556e+02
1.730557e+02
1.731557e+02
1.732556e+02
1.733558e+02
1.734560e+02
1.735557e+02
1.736562e+02
1.737557e+02
1.738562e+02
1.739560e+02
1.740562e+02
1.741571e+02
1.742965e+02
1.743556e+02
1.744565e+02
1.745560e+02
1.746561e+02
1.747563e+02
1.748566e+02
1.749574e+02
1.750561e+02
1.751567e+02
1.752568e+02
1.753576e+02
1.754564e+02
1.755564e+02
1.756571e+02
1.757563e+02
1.758565e+02
1.759567e+02
1.760568e+02
1.761569e+02
1.762568e+02
1.763570e+02
1.764572e+02
1.765565e+02
1.766569e+02
1.767571e+02
1.768679e+02
1.769566e+02
1.770568e+02
1.771569e+02
1.772570e+02
1.773576e+02
1.774572e+02
1.775579e+02
1.776570e+02
1.777568e+02
1.778568e+02
1.779572e+02
1.780572e+02
1.781573e+02
1.782583e+02
1.783575e+02
1.784571e+02
1.785571e+02
1.786579e+02
1.787572e+02
1.788575e+02
1.789577e+02
1.790572e+02
1.791576e+02
1.792574e+02
1.793580e+02
1.794576e+02
1.795685e+02
1.796575e+02
1.797724e+02
1.798580e+02
1.799575e+02
1.800577e+02
1.801574e+02
1.802576e+02
1.803574e+02
1.804578e+02
1.805580e+02
1.806578e+02
1.807578e+02
1.808581e+02
1.809600e+02
1.810579e+02
1.811597e+02
1.812578e+02
1.813577e+02
1.814582e+02
1.815587e+02
1.816585e+02
1.817581e+02
1.818582e+02
1.819581e+02
1.820584e+02
1.821585e+02
1.822586e+02
1.823588e+02
1.824584e+02
1.825584e+02
1.826587e+02
1.827585e+02
1.828591e+02
1.829584e+02
1.830584e+02
1.831617e+02
1.832584e+02
1.833587e+02
1.834586e+02
1.835586e+02
1.836588e+02
1.837588e+02
1.838596e+02
1.839586e+02
1.840586e+02
1.841590e+02
1.842590e+02
1.843589e+02
1.844588e+02
1.845587e+02
1.846590e+02
1.847601e+02
1.848593e+02
1.849597e+02
1.850618e+02
1.851589e+02
1.852592e+02
1.853613e+02
1.854610e+02
1.855592e+02
1.856591e+02
1.857608e+02
1.858601e+02
1.859594e+02
1.860601e+02
1.861594e+02
1.862594e+02
1.863596e+02
1.864610e+02
1.865603e+02
1.866594e+02
1.867603e+02
1.868602e+02
1.869595e+02
1.870603e+02
1.871613e+02
1.872596e+02
1.873597e+02
1.874605e+02
1.875603e+02
1.876597e+02
1.877603e+02
1.878606e+02
1.879599e+02
1.880599e+02
1.881606e+02
1.882610e+02
1.883620e+02
1.884606e+02
1.885600e+02
1.886615e+02
1.887601e+02
1.888609e+02
1.889609e+02
1.890601e+02
1.891608e+02
1.892610e+02
1.893614e+02
1.894605e+02
1.895605e+02
1.896605e+02
1.897606e+02
1.898609e+02
1.899608e+02
1.900604e+02
1.901606e+02
1.902606e+02
1.903845e+02
1.904604e+02
1.905609e+02
1.906606e+02
1.907607e+02
1.908616e+02
1.909610e+02
1.910608e+02
1.911607e+02
1.912607e+02
1.913608e+02
1.914611e+02
1.915617e+02
1.916618e+02
1.917609e+02
1.918611e+02
1.919610e+02
1.920616e+02
1.921611e+02
1.922610e+02
1.923612e+02
1.924611e+02
1.925613e+02
1.926610e+02
1.927611e+02
1.928614e+02
1.929613e+02
1.930616e+02
1.931618e+02
1.932615e+02
1.933615e+02
1.934615e+02
1.935616e+02
1.936616e+02
1.937615e+02
1.938619e+02
1.939616e+02
1.940615e+02
1.941616e+02
1.942624e+02
1.943615e+02
1.944617e+02
1.945618e+02
1.946616e+02
1.947618e+02
1.948618e+02
1.949623e+02
1.950619e+02
1.951619e+02
1.952619e+02
1.953624e+02
1.954619e+02
1.955620e+02
1.956619e+02
1.957620e+02
1.958621e+02
1.959621e+02
1.960626e+02
1.961623e+02
1.962623e+02
1.963622e+02
1.964763e+02
1.965623e+02
1.966626e+02
1.967626e+02
1.968628e+02
1.969627e+02
1.970628e+02
1.971629e+02
1.972648e+02
1.973627e+02
1.974629e+02
1.975633e+02
1.976630e+02
1.977629e+02
1.978626e+02
1.979628e+02
1.980629e+02
1.981630e+02
1.982632e+02
1.983632e+02
1.984632e+02
1.985630e+02
1.986634e+02
1.987631e+02
1.988631e+02
1.989633e+02
1.990630e+02
1.991633e+02
1.992632e+02
1.993635e+02
1.994636e+02
1.995635e+02
1.996634e+02
1.997636e+02
1.998635e+02
1.999639e+02
2.000678e+02
2.001633e+02
2.002638e+02
2.003637e+02
2.004639e+02
2.005645e+02
2.006637e+02
2.007639e+02
2.008640e+02
2.009645e+02
2.010639e+02
2.011639e+02
2.012640e+02
2.013640e+02
2.014641e+02
2.015642e+02
2.016642e+02
2.017643e+02
2.018642e+02
2.019639e+02
2.020646e+02
2.021639e+02
2.022640e+02
2.023639e+02
2.024641e+02
2.025640e+02
2.026641e+02
2.027646e+02
2.028641e+02
2.029642e+02
2.030641e+02
2.031645e+02
2.032640e+02
2.033643e+02
2.034643e+02
2.035642e+02
2.036643e+02
2.037646e+02
2.038652e+02
2.039653e+02
2.040645e+02
2.041647e+02
2.042655e+02
2.043646e+02
2.044645e+02
2.045647e+02
2.046646e+02
2.047648e+02
2.048648e+02
2.049649e+02
2.050663e+02
2.051649e+02
2.052649e+02
2.053653e+02
2.054648e+02
2.055649e+02
2.056649e+02
2.057650e+02
2.058666e+02
2.059650e+02
2.060660e+02
2.061659e+02
2.062651e+02
2.063652e+02
2.064654e+02
2.065651e+02
2.066651e+02
2.067651e+02
2.068653e+02
2.069653e+02
2.070652e+02
2.071654e+02
2.072659e+02
2.073655e+02
2.074655e+02
2.075660e+02
2.076657e+02
2.077657e+02
2.078657e+02
2.079657e+02
2.080657e+02
2.081658e+02
2.082660e+02
2.083661e+02
2.084656e+02
2.085664e+02
2.086878e+02
2.087658e+02
2.088660e+02
2.089663e+02
2.090663e+02
2.091663e+02
2.092660e+02
2.093661e+02
2.094665e+02
2.095661e+02
2.096660e+02
2.097668e+02
2.098676e+02
2.099661e+02
2.100662e+02
2.101663e+02
2.102663e+02
2.103665e+02
2.104663e+02
2.105669e+02
2.106666e+02
2.107665e+02
2.108667e+02
2.109719e+02
2.110662e+02
2.111728e+02
2.112671e+02
2.113671e+02
2.114671e+02
2.115672e+02
2.116840e+02
2.117668e+02
2.118671e+02
2.119675e+02
2.120681e+02
2.121673e+02
2.122673e+02
2.123670e+02
2.124670e+02
2.125673e+02
2.126673e+02
2.127675e+02
2.128676e+02
2.129675e+02
2.130676e+02
2.131678e+02
2.132673e+02
2.133669e+02
2.134673e+02
2.135674e+02
2.136675e+02
2.137677e+02
2.138677e+02
2.139677e+02
2.140676e+02
2.141676e+02
2.142682e+02
2.143676e+02
2.144919e+02
2.145675e+02
2.146679e+02
2.147679e+02
2.148679e+02
2.149683e+02
2.150682e+02
2.151683e+02
2.152681e+02
2.153680e+02
2.154681e+02
2.155680e+02
2.156683e+02
2.157680e+02
2.158680e+02
2.159683e+02
2.160683e+02
2.161691e+02
2.162683e+02
2.163688e+02
2.164685e+02
2.165685e+02
2.166683e+02
2.167684e+02
2.168683e+02
2.169685e+02
2.170684e+02
2.171686e+02
2.172687e+02
2.173686e+02
2.174687e+02
2.175690e+02
2.176686e+02
2.177686e+02
2.178686e+02
2.179686e+02
2.180688e+02
2.181687e+02
2.182688e+02
2.183692e+02
2.184689e+02
2.185690e+02
2.186690e+02
2.187689e+02
2.188686e+02
2.189690e+02
2.190690e+02
2.191690e+02
2.192691e+02
2.193693e+02
2.194693e+02
2.195693e+02
2.196700e+02
2.197693e+02
2.198692e+02
2.199692e+02
2.200689e+02
2.201695e+02
2.202696e+02
2.203698e+02
2.204698e+02
2.205700e+02
2.206701e+02
2.207701e+02
2.208699e+02
2.209698e+02
2.210709e+02
2.211695e+02
2.212699e+02
2.213835e+02
2.214696e+02
2.215697e+02
2.216698e+02
2.217706e+02
2.218699e+02
2.219700e+02
2.220699e+02
2.221699e+02
2.222699e+02
2.223699e+02
2.224702e+02
2.225699e+02
2.226701e+02
2.227701e+02
2.228707e+02
2.229702e+02
2.230718e+02
2.231702e+02
2.232701e+02
2.233703e+02
2.234703e+02
2.235704e+02
2.236703e+02
2.237704e+02
2.238706e+02
2.239717e+02
2.240705e+02
2.241706e+02
2.242704e+02
2.243704e+02
2.244702e+02
2.245709e+02
2.246705e+02
2.247707e+02
2.248706e+02
2.249709e+02
2.250713e+02
2.251707e+02
2.252710e+02
2.253708e+02
2.254708e+02
2.255709e+02
2.256707e+02
2.257709e+02
2.258710e+02
2.259711e+02
2.260711e+02
2.261713e+02
2.262711e+02
2.263711e+02
2.264712e+02
2.265710e+02
2.266711e+02
2.267711e+02
2.268712e+02
2.269714e+02
2.270714e+02
2.271714e+02
2.272716e+02
2.273715e+02
2.274715e+02
2.275714e+02
2.276717e+02
2.277714e+02
2.278716e+02
2.279716e+02
2.280716e+02
2.281717e+02
2.282718e+02
2.283719e+02
2.284719e+02
2.285718e+02
2.286718e+02
2.287717e+02
2.288718e+02
2.289719e+02
2.290718e+02
2.291719e+02
2.292720e+02
2.293720e+02
2.294725e+02
2.295722e+02
2.296721e+02
2.297720e+02
2.298721e+02
2.299721e+02
2.300722e+02
2.301757e+02
2.302722e+02
2.303723e+02
2.304725e+02
2.305724e+02
2.306727e+02
2.307723e+02
2.308724e+02
2.309723e+02
2.310725e+02
2.311724e+02
2.312795e+02
2.313724e+02
2.314728e+02
2.315728e+02
2.316729e+02
2.317732e+02
2.318730e+02
2.319754e+02
2.320725e+02
2.321730e+02
2.322730e+02
2.323727e+02
2.324732e+02
2.325732e+02
2.326734e+02
2.327733e+02
2.328740e+02
2.329731e+02
2.330729e+02
2.331731e+02
2.332731e+02
2.333731e+02
2.334731e+02
2.335732e+02
2.336733e+02
2.337733e+02
2.338734e+02
2.339741e+02
2.340734e+02
2.341734e+02
2.342733e+02
2.343735e+02
2.344734e+02
2.345735e+02
2.346733e+02
2.347739e+02
2.348737e+02
2.349736e+02
2.350753e+02
2.351736e+02
2.352735e+02
2.353737e+02
2.354737e+02
2.355737e+02
2.356735e+02
2.357743e+02
2.358741e+02
2.359743e+02
2.360742e+02
2.361744e+02
2.362744e+02
2.363743e+02
2.364742e+02
2.365742e+02
2.366743e+02
2.367739e+02
2.368743e+02
2.369742e+02
2.370743e+02
2.371742e+02
2.372744e+02
2.373759e+02
2.374744e+02
2.375743e+02
2.376742e+02
2.377747e+02
2.378756e+02
2.379753e+02
2.380746e+02
2.381745e+02
2.382746e+02
2.383746e+02
2.384749e+02
2.385758e+02
2.386747e+02
2.387747e+02
2.388747e+02
2.389748e+02
2.390748e+02
2.391748e+02
2.392748e+02
2.393750e+02
2.394750e+02
2.395761e+02
2.396748e+02
2.397750e+02
2.398750e+02
2.399751e+02
2.400752e+02
2.401751e+02
2.402751e+02
2.403751e+02
2.404751e+02
2.405752e+02
2.406767e+02
2.407752e+02
2.408753e+02
2.409752e+02
2.410752e+02
2.411754e+02
2.412756e+02
2.413762e+02
2.414756e+02
2.415756e+02
2.416757e+02
2.417760e+02
2.418755e+02
2.419756e+02
2.420758e+02
2.421754e+02
2.422760e+02
2.423759e+02
2.424761e+02
2.425761e+02
2.426761e+02
2.427766e+02
2.428764e+02
2.429763e+02
2.430762e+02
2.431759e+02
2.432760e+02
2.433761e+02
2.434759e+02
2.435760e+02
2.436761e+02
2.437766e+02
2.438766e+02
2.439775e+02
2.440765e+02
2.441762e+02
2.442763e+02
2.443764e+02
2.444767e+02
2.445764e+02
2.446765e+02
2.447763e+02
2.448767e+02
2.449768e+02
2.450765e+02
2.451770e+02
2.452767e+02
2.453768e+02
2.454768e+02
2.455770e+02
2.456769e+02
2.457768e+02
2.458769e+02
2.459768e+02
2.460771e+02
2.461816e+02
2.462784e+02
2.463768e+02
2.464770e+02
2.465769e+02
2.466770e+02
2.467769e+02
2.468771e+02
2.469771e+02
2.470772e+02
2.471772e+02
2.472773e+02
2.473776e+02
2.474772e+02
2.475773e+02
2.476772e+02
2.477772e+02
2.478773e+02
2.479773e+02
2.480774e+02
2.481776e+02
2.482774e+02
2.483778e+02
2.484780e+02
2.485774e+02
2.486777e+02
2.487776e+02
2.488777e+02
2.489777e+02
2.490776e+02
2.491778e+02
2.492781e+02
2.493780e+02
2.494781e+02
2.495792e+02
2.496781e+02
2.497783e+02
2.498782e+02
2.499788e+02
2.500782e+02
2.501785e+02
2.502783e+02
2.503780e+02
2.504783e+02
2.505787e+02
2.506789e+02
2.507785e+02
2.508837e+02
2.509781e+02
2.510781e+02
2.511785e+02
2.512786e+02
2.513789e+02
2.514788e+02
2.515788e+02
2.516790e+02
2.517791e+02
2.518785e+02
2.519785e+02
2.520797e+02
2.521788e+02
2.522789e+02
2.523790e+02
2.524790e+02
2.525787e+02
2.526793e+02
2.527790e+02
2.528796e+02
2.529789e+02
2.530792e+02
2.531791e+02
2.532789e+02
2.533796e+02
2.534791e+02
2.535792e+02
2.536794e+02
2.537795e+02
2.538798e+02
2.539796e+02
2.540800e+02
2.541797e+02
2.542793e+02
2.543796e+02
2.544796e+02
2.545796e+02
2.546794e+02
2.547795e+02
2.548796e+02
2.549796e+02
2.550794e+02
2.551801e+02
2.552798e+02
2.553797e+02
2.554796e+02
2.555797e+02
2.556800e+02
2.557798e+02
2.558801e+02
2.559802e+02
2.560800e+02
2.561803e+02
2.562807e+02
2.563801e+02
2.564802e+02
2.565800e+02
2.566801e+02
2.567798e+02
2.568802e+02
2.569802e+02
2.570802e+02
2.571803e+02
2.572817e+02
2.573807e+02
2.574802e+02
2.575996e+02
2.576804e+02
2.577802e+02
2.578804e+02
2.579804e+02
2.580805e+02
2.581804e+02
2.582806e+02
2.583805e+02
2.584816e+02
2.585804e+02
2.586809e+02
2.587809e+02
2.588804e+02
2.589808e+02
2.590820e+02
2.591808e+02
2.592808e+02
2.593810e+02
2.594809e+02
2.595811e+02
2.596811e+02
2.597810e+02
2.598813e+02
2.599810e+02
2.600810e+02
2.601810e+02
2.602811e+02
2.603813e+02
2.604813e+02
2.605812e+02
2.606814e+02
2.607813e+02
2.608811e+02
2.609812e+02
2.610815e+02
2.611815e+02
2.612816e+02
2.613823e+02
2.614814e+02
2.615820e+02
2.616813e+02
2.617820e+02
2.618814e+02
2.619822e+02
2.620824e+02
2.621816e+02
2.622829e+02
2.623816e+02
2.624827e+02
2.625820e+02
2.626819e+02
2.627826e+02
2.628831e+02
2.629821e+02
2.630819e+02
2.631829e+02
2.632835e+02
2.633822e+02
2.634817e+02
2.635832e+02
2.636824e+02
2.637821e+02
2.638827e+02
2.639831e+02
2.640829e+02
2.641826e+02
2.642829e+02
2.643833e+02
2.644823e+02
2.645832e+02
2.646831e+02
2.647832e+02
2.648827e+02
2.649831e+02
2.650832e+02
2.651827e+02
2.652825e+02
2.653827e+02
2.654832e+02
2.655831e+02
2.656831e+02
2.657826e+02
2.658826e+02
2.659833e+02
2.660836e+02
2.661844e+02
2.662835e+02
2.663832e+02
2.664833e+02
2.665829e+02
2.666832e+02
2.667846e+02
2.668827e+02
2.669829e+02
2.670830e+02
2.671829e+02
2.672832e+02
2.673830e+02
2.674828e+02
2.675831e+02
2.676831e+02
2.677832e+02
2.678916e+02
2.679830e+02
2.680835e+02
2.681833e+02
2.682836e+02
2.683836e+02
2.684837e+02
2.685832e+02
2.686835e+02
2.687839e+02
2.688837e+02
2.689837e+02
2.690839e+02
2.691837e+02
2.692837e+02
2.693838e+02
2.694838e+02
2.695838e+02
2.696838e+02
2.697840e+02
2.698838e+02
2.699837e+02
2.700840e+02
2.701839e+02
2.702840e+02
2.703840e+02
2.704840e+02
2.705843e+02
2.706840e+02
2.707841e+02
2.708958e+02
2.709839e+02
2.710843e+02
2.711847e+02
2.712844e+02
2.713846e+02
2.714845e+02
2.715843e+02
2.716843e+02
2.717846e+02
2.718845e+02
2.719845e+02
2.720844e+02
2.721844e+02
2.722847e+02
2.723846e+02
2.724847e+02
2.725846e+02
2.726847e+02
2.727847e+02
2.728847e+02
2.729847e+02
2.730848e+02
2.731848e+02
2.732848e+02
2.733848e+02
2.734848e+02
2.735849e+02
2.736918e+02
2.737846e+02
2.738848e+02
2.739849e+02
2.740849e+02
2.741850e+02
2.742851e+02
2.743851e+02
2.744852e+02
2.745851e+02
2.746852e+02
2.747855e+02
2.748854e+02
2.749855e+02
2.750852e+02
2.751854e+02
2.752855e+02
2.753854e+02
2.754854e+02
2.755855e+02
2.756856e+02
2.757858e+02
2.758856e+02
2.759858e+02
2.760856e+02
2.761860e+02
2.762858e+02
2.763859e+02
2.764861e+02
2.765859e+02
2.766860e+02
2.767861e+02
2.768860e+02
2.769862e+02
2.770859e+02
2.771861e+02
2.772863e+02
2.773862e+02
2.774863e+02
2.775863e+02
2.776862e+02
2.777862e+02
2.778863e+02
2.779865e+02
2.780863e+02
2.781861e+02
2.782864e+02
2.783864e+02
2.784864e+02
2.785864e+02
2.786867e+02
2.787865e+02
2.788866e+02
2.789865e+02
2.790866e+02
2.791874e+02
2.792875e+02
2.793864e+02
2.794867e+02
2.795868e+02
2.796866e+02
2.798117e+02
2.798865e+02
2.799867e+02
2.800867e+02
2.801869e+02
2.802868e+02
2.803868e+02
2.804868e+02
2.805869e+02
2.806869e+02
2.807869e+02
2.808869e+02
2.809869e+02
2.810874e+02
2.811874e+02
2.812867e+02
2.813873e+02
2.814873e+02
2.815873e+02
2.816873e+02
2.817874e+02
2.818873e+02
2.819873e+02
2.820877e+02
2.821876e+02
2.822874e+02
2.823876e+02
2.824876e+02
2.825876e+02
2.826956e+02
2.827874e+02
2.828876e+02
2.829875e+02
2.830879e+02
2.831877e+02
2.832877e+02
2.833956e+02
2.834877e+02
2.835879e+02
2.836881e+02
2.837881e+02
2.838880e+02
2.839880e+02
2.840881e+02
2.841882e+02
2.842882e+02
2.843881e+02
2.844881e+02
2.845880e+02
2.846882e+02
2.847882e+02
2.848882e+02
2.849882e+02
2.850882e+02
2.851882e+02
2.852885e+02
2.853884e+02
2.854886e+02
2.855886e+02
2.856885e+02
2.857887e+02
2.858886e+02
2.859886e+02
2.860888e+02
2.861887e+02
2.862890e+02
2.863886e+02
2.864885e+02
2.865886e+02
2.866887e+02
2.867887e+02
2.868887e+02
2.869888e+02
2.870890e+02
2.871886e+02
2.872889e+02
2.873890e+02
2.874889e+02
2.875889e+02
2.876925e+02
2.877888e+02
2.878894e+02
2.879894e+02
2.880894e+02
2.881893e+02
2.882894e+02
2.883917e+02
2.884893e+02
2.885894e+02
2.886891e+02
2.887895e+02
2.888895e+02
2.889896e+02
2.890896e+02
2.891896e+02
2.892896e+02
2.893896e+02
2.894901e+02
2.895901e+02
2.896899e+02
2.897899e+02
2.899063e+02
2.899896e+02
2.900898e+02
2.901898e+02
2.903039e+02
2.903897e+02
2.904902e+02
2.905900e+02
2.906901e+02
2.907900e+02
2.908901e+02
2.909901e+02
2.910901e+02
2.911901e+02
2.912902e+02
2.913904e+02
2.914903e+02
2.915901e+02
2.916902e+02
2.917906e+02
2.918906e+02
2.919906e+02
2.920907e+02
2.921907e+02
2.922908e+02
2.923907e+02
2.924908e+02
2.925914e+02
2.926908e+02
2.927908e+02
2.928909e+02
2.929908e+02
2.930909e+02
2.931909e+02
2.933077e+02
2.933905e+02
2.934905e+02
2.935908e+02
2.936912e+02
2.937910e+02
2.938908e+02
2.939909e+02
2.940909e+02
2.941910e+02
2.942910e+02
2.943910e+02
2.944912e+02
2.945911e+02
2.946912e+02
2.947911e+02
2.948912e+02
2.949912e+02
2.950913e+02
2.951911e+02
2.952912e+02
2.953912e+02
2.954914e+02
2.955913e+02
2.956914e+02
2.957916e+02
2.958914e+02
2.959914e+02
2.960915e+02
2.961916e+02
2.962915e+02
2.963916e+02
2.964919e+02
2.965916e+02
2.966932e+02
2.967917e+02
2.968917e+02
2.969917e+02
2.970917e+02
2.971917e+02
2.972919e+02
2.973918e+02
2.974919e+02
2.975919e+02
2.976919e+02
2.977919e+02
2.978923e+02
2.979920e+02
2.980921e+02
2.981923e+02
2.982923e+02
2.983923e+02
2.984923e+02
2.985927e+02
2.986924e+02
2.987921e+02
2.988925e+02
2.989925e+02
2.990925e+02
2.991925e+02
2.992928e+02
2.993926e+02
2.994927e+02
2.995927e+02
2.996927e+02
2.997929e+02
2.998927e+02
2.999928e+02
3.000927e+02
3.001928e+02
3.002929e+02
3.003929e+02
3.004929e+02
3.005929e+02
3.006931e+02
3.007930e+02
3.008928e+02
3.009929e+02
3.010929e+02
3.011929e+02
3.012930e+02
3.013967e+02
3.014930e+02
3.015933e+02
3.016932e+02
3.017933e+02
3.018929e+02
3.019934e+02
3.020932e+02
3.021934e+02
3.022933e+02
3.023933e+02
3.024934e+02
3.025935e+02
3.026935e+02
3.028038e+02
3.028930e+02
3.029941e+02
3.030940e+02
3.031940e+02
3.032940e+02
3.033942e+02
3.034942e+02
3.035941e+02
3.036941e+02
3.037943e+02
3.038940e+02
3.039939e+02
3.040936e+02
3.041939e+02
3.042938e+02
3.043940e+02
3.044941e+02
3.045940e+02
3.046941e+02
3.047941e+02
3.048942e+02
3.049942e+02
3.050942e+02
3.051942e+02
3.052942e+02
3.053942e+02
3.054943e+02
3.055945e+02
3.056943e+02
3.057944e+02
3.058945e+02
3.059944e+02
3.060944e+02
3.062156e+02
3.062943e+02
3.063947e+02
3.064949e+02
3.065950e+02
3.066949e+02
3.067949e+02
3.068949e+02
3.069950e+02
3.070947e+02
3.071948e+02
3.072948e+02
3.073949e+02
3.074949e+02
3.075948e+02
3.076949e+02
3.077950e+02
3.078950e+02
3.079949e+02
3.080950e+02
3.081951e+02
3.082950e+02
3.083953e+02
3.084951e+02
3.085952e+02
3.086952e+02
3.087952e+02
3.088954e+02
3.089953e+02
3.090951e+02
3.091954e+02
3.092957e+02
3.093957e+02
3.094957e+02
3.095955e+02
3.096957e+02
3.097958e+02
3.099037e+02
3.099954e+02
3.100955e+02
3.101957e+02
3.102956e+02
3.103956e+02
3.104959e+02
3.105956e+02
3.106958e+02
3.107958e+02
3.108958e+02
3.109958e+02
3.110958e+02
3.111961e+02
3.112960e+02
3.113959e+02
3.114962e+02
3.115961e+02
3.117041e+02
3.117960e+02
3.118962e+02
3.119994e+02
3.120961e+02
3.121961e+02
3.122963e+02
3.123963e+02
3.124965e+02
3.125972e+02
3.126964e+02
3.127964e+02
3.128965e+02
3.129966e+02
3.130965e+02
3.131965e+02
3.132977e+02
3.133967e+02
3.134967e+02
3.135968e+02
3.136967e+02
3.137968e+02
3.138967e+02
3.139976e+02
3.140969e+02
3.141968e+02
3.142969e+02
3.143969e+02
3.144969e+02
3.145970e+02
3.146970e+02
3.147969e+02
3.148970e+02
3.149970e+02
3.150970e+02
3.151971e+02
3.152971e+02
3.153979e+02
3.154972e+02
3.155974e+02
3.156973e+02
3.157973e+02
3.158971e+02
3.159973e+02
3.160973e+02
3.161975e+02
3.162974e+02
3.163975e+02
3.164975e+02
3.165976e+02
3.166975e+02
3.167996e+02
3.168974e+02
3.169978e+02
3.170977e+02
3.171975e+02
3.172978e+02
3.173978e+02
3.174976e+02
3.175979e+02
3.176981e+02
3.177980e+02
3.178980e+02
3.179980e+02
3.180981e+02
3.181982e+02
3.182983e+02
3.183981e+02
3.184981e+02
3.185981e+02
3.186981e+02
3.187981e+02
3.188982e+02
3.189982e+02
3.190982e+02
3.191983e+02
3.192982e+02
3.193982e+02
3.194983e+02
3.195984e+02
3.196983e+02
3.197984e+02
3.198984e+02
3.199985e+02
3.200984e+02
3.201988e+02
3.202986e+02
3.203985e+02
3.204987e+02
3.205987e+02
3.206989e+02
3.208115e+02
3.208985e+02
3.209988e+02
3.210989e+02
3.211989e+02
3.212989e+02
3.213987e+02
3.214988e+02
3.215987e+02
3.216989e+02
3.217989e+02
3.218991e+02
3.219990e+02
3.220992e+02
3.221992e+02
3.222993e+02
3.223992e+02
3.224989e+02
3.225994e+02
3.226994e+02
3.227993e+02
3.228994e+02
3.229996e+02
3.230996e+02
3.231995e+02
3.232995e+02
3.233995e+02
3.234996e+02
3.235996e+02
3.236996e+02
3.237996e+02
3.238997e+02
3.239996e+02
3.240997e+02
3.241997e+02
3.242997e+02
3.243998e+02
3.244998e+02
3.246126e+02
3.246997e+02
3.247999e+02
3.249000e+02
3.249999e+02
3.251001e+02
3.252001e+02
3.253000e+02
3.254001e+02
3.255001e+02
3.256001e+02
3.257142e+02
3.257999e+02
3.259004e+02
3.260003e+02
3.261003e+02
3.262004e+02
3.263005e+02
3.264007e+02
3.265005e+02
3.266005e+02
3.267005e+02
3.268006e+02
3.269004e+02
3.270009e+02
3.271006e+02
3.272008e+02
3.273006e+02
3.274009e+02
3.275009e+02
3.276006e+02
3.277009e+02
3.278011e+02
3.279011e+02
3.280008e+02
3.281015e+02
3.282011e+02
3.283012e+02
3.284011e+02
3.285014e+02
3.286016e+02
3.287010e+02
3.288012e+02
3.289014e+02
3.290012e+02
3.291013e+02
3.292011e+02
3.293013e+02
3.294016e+02
3.295018e+02
3.296032e+02
3.297015e+02
3.298015e+02
3.299016e+02
3.300055e+02
3.301015e+02
3.302014e+02
3.303016e+02
3.304015e+02
3.305017e+02
3.306018e+02
3.307019e+02
3.308017e+02
3.309019e+02
3.310017e+02
3.311018e+02
3.312022e+02
3.313023e+02
3.314021e+02
3.315024e+02
3.316023e+02
3.317022e+02
3.318020e+02
3.319019e+02
3.320022e+02
3.321028e+02
3.322024e+02
3.323024e+02
3.324028e+02
3.325074e+02
3.326022e+02
3.327025e+02
3.328024e+02
3.329024e+02
3.330024e+02
3.331024e+02
3.332024e+02
3.333028e+02
3.334028e+02
3.335026e+02
3.336025e+02
3.337026e+02
3.338026e+02
3.339025e+02
3.340026e+02
3.341027e+02
3.342025e+02
3.343025e+02
3.344027e+02
3.345031e+02
3.346032e+02
3.347276e+02
3.348034e+02
3.349033e+02
3.350033e+02
3.351033e+02
3.352032e+02
3.353032e+02
3.354032e+02
3.355041e+02
3.356034e+02
3.357033e+02
3.358032e+02
3.359038e+02
3.360033e+02
3.361037e+02
3.362035e+02
3.363038e+02
3.364035e+02
3.365039e+02
3.366045e+02
3.367041e+02
3.368036e+02
3.369036e+02
3.370034e+02
3.371037e+02
3.372042e+02
3.373047e+02
3.374040e+02
3.375047e+02
3.376039e+02
3.377046e+02
3.378039e+02
3.379037e+02
3.380042e+02
3.381040e+02
3.382053e+02
3.383048e+02
3.384041e+02
3.385039e+02
3.386044e+02
3.387040e+02
3.388049e+02
3.389054e+02
3.390047e+02
3.391049e+02
3.392316e+02
3.393041e+02
3.394050e+02
3.395045e+02
3.396045e+02
3.397045e+02
3.398046e+02
3.399044e+02
3.400044e+02
3.401042e+02
3.402046e+02
3.403044e+02
3.404049e+02
3.405046e+02
3.406047e+02
3.407044e+02
3.408047e+02
3.409045e+02
3.410046e+02
3.411050e+02
3.412048e+02
3.413048e+02
3.414054e+02
3.415051e+02
3.416049e+02
3.417049e+02
3.418053e+02
3.419049e+02
3.420114e+02
3.421049e+02
3.422056e+02
3.423051e+02
3.424052e+02
3.425052e+02
3.426052e+02
3.427053e+02
3.428054e+02
3.429053e+02
3.430053e+02
3.431054e+02
3.432057e+02
3.433053e+02
3.434054e+02
3.435054e+02
3.436055e+02
3.437054e+02
3.438055e+02
3.439208e+02
3.440053e+02
3.441057e+02
3.442054e+02
3.443056e+02
3.444060e+02
3.445058e+02
3.446059e+02
3.447057e+02
3.448057e+02
3.449058e+02
3.450058e+02
3.451057e+02
3.452059e+02
3.453060e+02
3.454060e+02
3.455061e+02
3.456062e+02
3.457061e+02
3.458058e+02
3.459061e+02
3.460062e+02
3.461066e+02
3.462061e+02
3.463061e+02
3.464061e+02
3.465060e+02
3.466062e+02
3.467062e+02
3.468064e+02
3.469064e+02
3.470064e+02
3.471065e+02
3.472064e+02
3.473065e+02
3.474065e+02
3.475065e+02
3.476066e+02
3.477068e+02
3.478066e+02
3.479067e+02
3.480068e+02
3.481067e+02
3.482065e+02
3.483068e+02
3.484067e+02
3.485068e+02
3.486068e+02
3.487068e+02
3.488069e+02
3.489067e+02
3.490070e+02
3.491070e+02
3.492073e+02
3.493071e+02
3.494070e+02
3.495071e+02
3.496069e+02
3.497072e+02
3.498073e+02
3.499073e+02
3.500074e+02
3.501073e+02
3.502075e+02
3.503081e+02
3.504077e+02
3.505079e+02
3.506078e+02
3.507078e+02
3.508079e+02
3.509078e+02
3.510074e+02
3.511078e+02
3.512078e+02
3.513075e+02
3.514078e+02
3.515078e+02
3.516079e+02
3.517078e+02
3.518079e+02
3.519079e+02
3.520080e+02
3.521080e+02
3.522080e+02
3.523079e+02
3.524079e+02
3.525080e+02
3.526078e+02
3.527081e+02
3.528082e+02
3.529083e+02
3.530082e+02
3.531081e+02
3.532082e+02
3.533082e+02
3.534083e+02
3.535083e+02
3.536084e+02
3.537084e+02
3.538084e+02
3.539198e+02
3.540085e+02
3.541086e+02
3.542086e+02
3.543084e+02
3.544156e+02
3.545086e+02
3.546085e+02
3.547087e+02
3.548087e+02
3.549085e+02
3.550088e+02
3.551088e+02
3.552089e+02
3.553089e+02
3.554089e+02
3.555090e+02
3.556090e+02
3.557088e+02
3.558093e+02
3.559093e+02
3.560088e+02
3.561094e+02
3.562093e+02
3.563095e+02
3.564092e+02
3.565092e+02
3.566092e+02
3.567092e+02
3.568093e+02
3.569094e+02
3.570094e+02
3.571095e+02
3.572201e+02
3.573092e+02
3.574095e+02
3.575095e+02
3.576094e+02
3.577096e+02
3.578095e+02
3.579096e+02
3.580097e+02
3.581097e+02
3.582097e+02
3.583098e+02
3.584098e+02
3.585098e+02
3.586099e+02
3.587098e+02
3.588098e+02
3.589099e+02
3.590100e+02
3.591099e+02
3.592100e+02
3.593100e+02
3.594100e+02
3.595099e+02
3.596102e+02
3.597102e+02
3.598104e+02
3.599103e+02
3.600104e+02
3.601101e+02
3.602104e+02
3.603105e+02
3.604108e+02
3.605105e+02
3.606103e+02
3.607104e+02
3.608104e+02
3.609104e+02
3.610105e+02
3.611106e+02
3.612105e+02
3.613106e+02
3.614106e+02
3.615106e+02
3.616107e+02
3.617108e+02
3.618107e+02
3.619108e+02
3.620108e+02
3.621106e+02
3.622110e+02
3.623111e+02
3.624111e+02
3.625108e+02
3.626116e+02
3.627110e+02
3.628111e+02
3.629110e+02
3.630112e+02
3.631112e+02
3.632112e+02
3.633112e+02
3.634112e+02
3.635113e+02
3.636113e+02
3.637115e+02
3.638113e+02
3.639116e+02
3.640117e+02
3.641115e+02
3.642115e+02
3.643116e+02
3.644115e+02
3.645119e+02
3.646117e+02
3.647118e+02
3.648118e+02
3.649118e+02
3.650119e+02
3.651117e+02
3.652117e+02
3.653118e+02
3.654119e+02
3.655119e+02
3.656119e+02
3.657117e+02
3.658120e+02
3.659121e+02
3.660120e+02
3.661122e+02
3.662121e+02
3.663123e+02
3.664121e+02
3.665123e+02
3.666235e+02
3.667120e+02
3.668124e+02
3.669124e+02
3.670124e+02
3.671125e+02
3.672125e+02
3.673125e+02
3.674124e+02
3.675126e+02
3.676125e+02
3.677198e+02
3.678123e+02
3.679126e+02
3.680127e+02
3.681127e+02
3.682127e+02
3.683129e+02
3.684129e+02
3.685130e+02
3.686130e+02
3.687154e+02
3.688126e+02
3.689130e+02
3.690131e+02
3.691131e+02
3.692130e+02
3.693130e+02
3.694132e+02
3.695131e+02
3.696131e+02
3.697131e+02
3.698136e+02
3.699132e+02
3.700132e+02
3.701133e+02
3.702132e+02
3.703130e+02
3.704130e+02
3.705135e+02
3.706134e+02
3.707135e+02
3.708136e+02
3.709135e+02
3.710134e+02
3.711134e+02
3.712137e+02
3.713135e+02
3.714135e+02
3.715135e+02
3.716136e+02
3.717136e+02
3.718137e+02
3.719139e+02
3.720137e+02
3.721138e+02
3.722135e+02
3.723138e+02
3.724138e+02
3.725139e+02
3.726142e+02
3.727139e+02
3.728140e+02
3.729140e+02
3.730140e+02
3.731141e+02
3.732140e+02
3.733143e+02
3.734142e+02
3.735142e+02
3.736141e+02
3.737142e+02
3.738142e+02
3.739145e+02
3.740145e+02
3.741146e+02
3.742144e+02
3.743145e+02
3.744144e+02
3.745142e+02
3.746149e+02
3.747156e+02
3.748150e+02
3.749150e+02
3.750146e+02
3.751146e+02
3.752147e+02
3.753148e+02
3.754148e+02
3.755149e+02
3.756148e+02
3.757148e+02
3.758148e+02
3.759149e+02
3.760150e+02
3.761150e+02
3.762150e+02
3.763150e+02
3.764148e+02
3.765151e+02
3.766151e+02
3.767152e+02
3.768151e+02
3.769152e+02
3.770153e+02
3.771153e+02
3.772153e+02
3.773152e+02
3.774155e+02
3.775154e+02
3.776157e+02
3.777155e+02
3.778155e+02
3.779156e+02
3.780156e+02
3.781155e+02
3.782157e+02
3.783159e+02
3.784154e+02
3.785157e+02
3.786157e+02
3.787159e+02
3.788158e+02
3.789158e+02
3.790158e+02
3.791155e+02
3.792162e+02
3.793163e+02
3.794162e+02
3.795164e+02
3.796163e+02
3.797164e+02
3.798164e+02
3.799165e+02
3.800165e+02
3.801160e+02
3.802165e+02
3.803165e+02
3.804164e+02
3.805166e+02
3.806167e+02
3.807164e+02
3.808165e+02
3.809192e+02
3.810164e+02
3.811161e+02
3.812165e+02
3.813162e+02
3.814164e+02
3.815165e+02
3.816166e+02
3.817361e+02
3.818166e+02
3.819167e+02
3.820169e+02
3.821169e+02
3.822169e+02
3.823168e+02
3.824204e+02
3.825168e+02
3.826169e+02
3.827169e+02
3.828170e+02
3.829170e+02
3.830170e+02
3.831172e+02
3.832169e+02
3.833173e+02
3.834176e+02
3.835177e+02
3.836176e+02
3.837175e+02
3.838176e+02
3.839176e+02
3.840177e+02
3.841177e+02
3.842178e+02
3.843176e+02
3.844176e+02
3.845176e+02
3.846177e+02
3.847177e+02
3.848176e+02
3.849177e+02
3.850178e+02
3.851178e+02
3.852178e+02
3.853178e+02
3.854179e+02
3.855181e+02
3.856180e+02
3.857179e+02
3.858180e+02
3.859180e+02
3.860181e+02
3.861181e+02
3.862181e+02
3.863188e+02
3.864181e+02
3.865181e+02
3.866183e+02
3.867182e+02
3.868182e+02
3.869216e+02
3.870183e+02
3.871182e+02
3.872184e+02
3.873190e+02
3.874183e+02
3.875183e+02
3.876184e+02
3.877184e+02
3.878196e+02
3.879182e+02
3.880187e+02
3.881185e+02
3.882186e+02
3.883185e+02
3.884185e+02
3.885185e+02
3.886186e+02
3.887191e+02
3.888188e+02
3.889187e+02
3.890189e+02
3.891187e+02
3.892188e+02
3.893189e+02
3.894194e+02
3.895192e+02
3.896192e+02
3.897193e+02
3.898193e+02
3.899197e+02
3.900197e+02
3.901198e+02
3.902197e+02
3.903194e+02
3.904194e+02
3.905192e+02
3.906192e+02
3.907192e+02
3.908194e+02
3.909193e+02
3.910195e+02
3.911194e+02
3.912195e+02
3.913194e+02
3.914196e+02
3.915196e+02
3.916196e+02
3.917194e+02
3.918199e+02
3.919202e+02
3.920200e+02
3.921199e+02
3.922202e+02
3.923201e+02
3.924202e+02
3.925202e+02
3.926276e+02
3.927197e+02
3.928200e+02
3.929210e+02
3.930201e+02
3.931201e+02
3.932201e+02
3.933203e+02
3.934202e+02
3.935205e+02
3.936200e+02
3.937203e+02
3.938203e+02
3.939203e+02
3.940204e+02
3.941204e+02
3.942204e+02
3.943204e+02
3.944205e+02
3.945208e+02
3.946296e+02
3.947203e+02
3.948204e+02
3.949205e+02
3.950206e+02
3.951205e+02
3.952206e+02
3.953206e+02
3.954206e+02
3.955207e+02
3.956210e+02
3.957210e+02
3.958209e+02
3.959209e+02
3.960209e+02
3.961212e+02
3.962206e+02
3.963213e+02
3.964213e+02
3.965208e+02
3.966208e+02
3.967244e+02
3.968212e+02
3.969212e+02
3.970212e+02
3.971212e+02
3.972213e+02
3.973212e+02
3.974212e+02
3.975212e+02
3.976213e+02
3.977211e+02
3.978216e+02
3.979215e+02
3.980216e+02
3.981216e+02
3.982216e+02
3.983217e+02
3.984217e+02
3.985217e+02
3.986218e+02
3.987215e+02
3.988216e+02
3.989218e+02
3.990220e+02
3.991218e+02
3.992218e+02
3.993218e+02
3.994219e+02
3.995219e+02
3.996219e+02
3.997220e+02
3.998220e+02
3.999221e+02
4.000220e+02
4.001221e+02
4.002223e+02
4.003218e+02
4.004222e+02
4.005222e+02
4.006222e+02
4.007222e+02
4.008221e+02
4.009221e+02
4.010222e+02
4.011222e+02
4.012226e+02
4.013224e+02
4.014223e+02
4.015224e+02
4.016224e+02
4.017224e+02
4.018223e+02
4.019226e+02
4.020226e+02
4.021226e+02
4.022229e+02
4.023232e+02
4.024230e+02
4.025228e+02
4.026229e+02
4.027228e+02
4.028229e+02
4.029234e+02
4.030235e+02
4.031237e+02
4.032235e+02
4.033237e+02
4.034236e+02
4.035237e+02
4.036236e+02
4.037238e+02
4.038238e+02
4.039231e+02
4.040231e+02
4.041233e+02
4.042233e+02
4.043235e+02
4.044235e+02
4.045236e+02
4.046240e+02
4.047235e+02
4.048234e+02
4.049233e+02
4.050239e+02
4.051238e+02
4.052237e+02
4.053239e+02
4.054240e+02
4.055236e+02
4.056240e+02
4.057240e+02
4.058238e+02
4.059239e+02
4.060237e+02
4.061241e+02
4.062237e+02
4.063238e+02
4.064240e+02
4.065239e+02
4.066240e+02
4.067239e+02
4.068241e+02
4.069239e+02
4.070240e+02
4.071238e+02
4.072243e+02
4.073243e+02
4.074242e+02
4.075242e+02
4.076241e+02
4.077242e+02
4.078244e+02
4.079243e+02
4.080243e+02
4.081245e+02
4.082246e+02
4.083244e+02
4.084245e+02
4.085245e+02
4.086250e+02
4.087246e+02
4.088246e+02
4.089247e+02
4.090246e+02
4.091246e+02
4.092251e+02
4.093249e+02
4.094248e+02
4.095248e+02
4.096248e+02
4.097498e+02
4.098247e+02
4.099252e+02
4.100255e+02
4.101250e+02
4.102251e+02
4.103250e+02
4.104250e+02
4.105250e+02
4.106255e+02
4.107256e+02
4.108255e+02
4.109255e+02
4.110248e+02
4.111253e+02
