4.457808e-02
1.434078e-01
2.430305e-01
3.432686e-01
4.434366e-01
5.432374e-01
6.432867e-01
7.434924e-01
8.425691e-01
9.432979e-01
1.043333e+00
1.143686e+00
1.243432e+00
1.343462e+00
1.443488e+00
1.542862e+00
1.643438e+00
1.743509e+00
1.843477e+00
1.943663e+00
2.043687e+00
2.143907e+00
2.243657e+00
2.343654e+00
2.443863e+00
2.543724e+00
2.644011e+00
2.743749e+00
2.843985e+00
2.943888e+00
3.044009e+00
3.143937e+00
3.244153e+00
3.344173e+00
3.443308e+00
3.543607e+00
3.647635e+00
3.743557e+00
3.843679e+00
3.943548e+00
4.043473e+00
4.143565e+00
4.243650e+00
4.343838e+00
4.443605e+00
4.543578e+00
4.656563e+00
4.744450e+00
4.843864e+00
4.943926e+00
5.044030e+00
5.143819e+00
5.244693e+00
5.344999e+00
5.446048e+00
5.543949e+00
5.647948e+00
5.744440e+00
5.845069e+00
5.946764e+00
6.045933e+00
6.145848e+00
6.245369e+00
6.345200e+00
6.444808e+00
6.544827e+00
6.645432e+00
6.745920e+00
6.845792e+00
6.944728e+00
7.044522e+00
7.145143e+00
7.245523e+00
7.346492e+00
7.446537e+00
7.545883e+00
7.645019e+00
7.746307e+00
7.846287e+00
7.945257e+00
8.045057e+00
8.145081e+00
8.244500e+00
8.344612e+00
8.444994e+00
8.544866e+00
8.645093e+00
8.746853e+00
8.845304e+00
8.945720e+00
9.045166e+00
9.145240e+00
9.245306e+00
9.345216e+00
9.445283e+00
9.545876e+00
9.645659e+00
9.745654e+00
9.845582e+00
9.945549e+00
1.004541e+01
1.014554e+01
1.024534e+01
1.034513e+01
1.044585e+01
1.054562e+01
1.064549e+01
1.074601e+01
1.084592e+01
1.094558e+01
1.104598e+01
1.114741e+01
1.124561e+01
1.134812e+01
1.144743e+01
1.154768e+01
1.164774e+01
1.174759e+01
1.184727e+01
1.195140e+01
1.204842e+01
1.214870e+01
1.224738e+01
1.234679e+01
1.244685e+01
1.254662e+01
1.264685e+01
1.274737e+01
1.284709e+01
1.294681e+01
1.304701e+01
1.314655e+01
1.324648e+01
1.334664e+01
1.344692e+01
1.354675e+01
1.364663e+01
1.374742e+01
1.384707e+01
1.394713e+01
1.404692e+01
1.414667e+01
1.424709e+01
1.434967e+01
1.444900e+01
1.454817e+01
1.464771e+01
1.474707e+01
1.484738e+01
1.494711e+01
1.504699e+01
1.514889e+01
1.525143e+01
1.534903e+01
1.545055e+01
1.554726e+01
1.564682e+01
1.574722e+01
1.584775e+01
1.595130e+01
1.604801e+01
1.614786e+01
1.624765e+01
1.634719e+01
1.644753e+01
1.654748e+01
1.664764e+01
1.674861e+01
1.684790e+01
1.694875e+01
1.704885e+01
1.714980e+01
1.724767e+01
1.734956e+01
1.744933e+01
1.755027e+01
1.764947e+01
1.774964e+01
1.785198e+01
1.795066e+01
1.805094e+01
1.814967e+01
1.824990e+01
1.835004e+01
1.845015e+01
1.855042e+01
1.865137e+01
1.874827e+01
1.884963e+01
1.895046e+01
1.904972e+01
1.914956e+01
1.924952e+01
1.934962e+01
1.944950e+01
1.954982e+01
1.966191e+01
1.974841e+01
1.984873e+01
1.994904e+01
2.004936e+01
2.014927e+01
2.024922e+01
2.034972e+01
2.044926e+01
2.054952e+01
2.064943e+01
2.074931e+01
2.084893e+01
2.094942e+01
2.104960e+01
2.114983e+01
2.124917e+01
2.134981e+01
2.144962e+01
2.154972e+01
2.164962e+01
2.174972e+01
2.184974e+01
2.194977e+01
2.205154e+01
2.214984e+01
2.225012e+01
2.235111e+01
2.244995e+01
2.255028e+01
2.265023e+01
2.275013e+01
2.284955e+01
2.295003e+01
2.305069e+01
2.315018e+01
2.325038e+01
2.335028e+01
2.345051e+01
2.355050e+01
2.365033e+01
2.375042e+01
2.385037e+01
2.395050e+01
2.405061e+01
2.415058e+01
2.425067e+01
2.435064e+01
2.445058e+01
2.455145e+01
2.465075e+01
2.475079e+01
2.485082e+01
2.495086e+01
2.505029e+01
2.515081e+01
2.525012e+01
2.535135e+01
2.545126e+01
2.555143e+01
2.565165e+01
2.575132e+01
2.585161e+01
2.595102e+01
2.605156e+01
2.615126e+01
2.625283e+01
2.635082e+01
2.645241e+01
2.655155e+01
2.665153e+01
2.675318e+01
2.685251e+01
2.695178e+01
2.705194e+01
2.715183e+01
2.725221e+01
2.735198e+01
2.745212e+01
2.755263e+01
2.765179e+01
2.775292e+01
2.785303e+01
2.795265e+01
2.805168e+01
2.815286e+01
2.825315e+01
2.835220e+01
2.845196e+01
2.855283e+01
2.865244e+01
2.875206e+01
2.885252e+01
2.895313e+01
2.905264e+01
2.915221e+01
2.925232e+01
2.935212e+01
2.945233e+01
2.955258e+01
2.965269e+01
2.975262e+01
2.985261e+01
2.995267e+01
3.005281e+01
3.015267e+01
3.025273e+01
3.035290e+01
3.045287e+01
3.055284e+01
3.065268e+01
3.075295e+01
3.085275e+01
3.095260e+01
3.105354e+01
3.115351e+01
3.125306e+01
3.135232e+01
3.145434e+01
3.155446e+01
3.165348e+01
3.175351e+01
3.185330e+01
3.195292e+01
3.205334e+01
3.215333e+01
3.225372e+01
3.237406e+01
3.245291e+01
3.255332e+01
3.265316e+01
3.275362e+01
3.285341e+01
3.295345e+01
3.305374e+01
3.315343e+01
3.325340e+01
3.335742e+01
3.345451e+01
3.355332e+01
3.365353e+01
3.375360e+01
3.385391e+01
3.395367e+01
3.405406e+01
3.415387e+01
3.425383e+01
3.435501e+01
3.445378e+01
3.455475e+01
3.465363e+01
3.475390e+01
3.485380e+01
3.495448e+01
3.505635e+01
3.515393e+01
3.525392e+01
3.535471e+01
3.545417e+01
3.555404e+01
3.565536e+01
3.575426e+01
3.585496e+01
3.595423e+01
3.605425e+01
3.615434e+01
3.625425e+01
3.635547e+01
3.645499e+01
3.655378e+01
3.665643e+01
3.675444e+01
3.685625e+01
3.695429e+01
3.705563e+01
3.715531e+01
3.725558e+01
3.735528e+01
3.745480e+01
3.755473e+01
3.765475e+01
3.775496e+01
3.785574e+01
3.795909e+01
3.805581e+01
3.815861e+01
3.825539e+01
3.835523e+01
3.846098e+01
3.855587e+01
3.865502e+01
3.875626e+01
3.885610e+01
3.895550e+01
3.905546e+01
3.915614e+01
3.925612e+01
3.935530e+01
3.945622e+01
3.955545e+01
3.965545e+01
3.975610e+01
3.985618e+01
3.995554e+01
4.005454e+01
4.015719e+01
4.025605e+01
4.035538e+01
4.045553e+01
4.055572e+01
4.065638e+01
4.075518e+01
4.085616e+01
4.095617e+01
4.105576e+01
4.115591e+01
4.125549e+01
4.135579e+01
4.145576e+01
4.155595e+01
4.165583e+01
4.175585e+01
4.185600e+01
4.195543e+01
4.205607e+01
4.215586e+01
4.225670e+01
4.235663e+01
4.245609e+01
4.255641e+01
4.265704e+01
4.275639e+01
4.285643e+01
4.295577e+01
4.305748e+01
4.315679e+01
4.325639e+01
4.335741e+01
4.345669e+01
4.355647e+01
4.365679e+01
4.375804e+01
4.385705e+01
4.395687e+01
4.405758e+01
4.415737e+01
4.425778e+01
4.435640e+01
4.445689e+01
4.455807e+01
4.465673e+01
4.475679e+01
4.485698e+01
4.495677e+01
4.505688e+01
4.515679e+01
4.525699e+01
4.535696e+01
4.545722e+01
4.555739e+01
4.565774e+01
4.575729e+01
4.585954e+01
4.595711e+01
4.605915e+01
4.615725e+01
4.625729e+01
4.635732e+01
4.645723e+01
4.655730e+01
4.665742e+01
4.675760e+01
4.685753e+01
4.695753e+01
4.705746e+01
4.715759e+01
4.725754e+01
4.735767e+01
4.745770e+01
4.755724e+01
4.765770e+01
4.775798e+01
4.785808e+01
4.795806e+01
4.805794e+01
4.815794e+01
4.825814e+01
4.835753e+01
4.845789e+01
4.855799e+01
4.865804e+01
4.875808e+01
4.885821e+01
4.895866e+01
4.905862e+01
4.915864e+01
4.925887e+01
4.935868e+01
4.945880e+01
4.955867e+01
4.965874e+01
4.975877e+01
4.985896e+01
4.995890e+01
5.005911e+01
5.015887e+01
5.025901e+01
5.035922e+01
5.045892e+01
5.055894e+01
5.065911e+01
5.075907e+01
5.085914e+01
5.095912e+01
5.105940e+01
5.115946e+01
5.125916e+01
5.135911e+01
5.145923e+01
5.155936e+01
5.165922e+01
5.175935e+01
5.185952e+01
5.195942e+01
5.205908e+01
5.215866e+01
5.225894e+01
5.235969e+01
5.245999e+01
5.255990e+01
5.265999e+01
5.276006e+01
5.286005e+01
5.295952e+01
5.305959e+01
5.315947e+01
5.325961e+01
5.335973e+01
5.345975e+01
5.355967e+01
5.365982e+01
5.375967e+01
5.385971e+01
5.395995e+01
5.406018e+01
5.415981e+01
5.425938e+01
5.436032e+01
5.446017e+01
5.456011e+01
5.466098e+01
5.476017e+01
5.486005e+01
5.496002e+01
5.506608e+01
5.515989e+01
5.526030e+01
5.536035e+01
5.546047e+01
5.556045e+01
5.566043e+01
5.576047e+01
5.586052e+01
5.596071e+01
5.606060e+01
5.616051e+01
5.626058e+01
5.636062e+01
5.646066e+01
5.656037e+01
5.666190e+01
5.676273e+01
5.686051e+01
5.696056e+01
5.706059e+01
5.716057e+01
5.726065e+01
5.736063e+01
5.746071e+01
5.756105e+01
5.766114e+01
5.776113e+01
5.786121e+01
5.796124e+01
5.806110e+01
5.816120e+01
5.826114e+01
5.836056e+01
5.846199e+01
5.856362e+01
5.866236e+01
5.876240e+01
5.886053e+01
5.896123e+01
5.906188e+01
5.916083e+01
5.926191e+01
5.936242e+01
5.946200e+01
5.956298e+01
5.966238e+01
5.976245e+01
5.986240e+01
5.996282e+01
6.006237e+01
6.016243e+01
6.026189e+01
6.037406e+01
6.046182e+01
6.056282e+01
6.066263e+01
6.076302e+01
6.086268e+01
6.096281e+01
6.106217e+01
6.116213e+01
6.126217e+01
6.136281e+01
6.146235e+01
6.156230e+01
6.166221e+01
6.176223e+01
6.186226e+01
6.196185e+01
6.206353e+01
6.216304e+01
6.226235e+01
6.236234e+01
6.246240e+01
6.256262e+01
6.266258e+01
6.276256e+01
6.286262e+01
6.296261e+01
6.306330e+01
6.316282e+01
6.326290e+01
6.336215e+01
6.346465e+01
6.356292e+01
6.366239e+01
6.376321e+01
6.386323e+01
6.396360e+01
6.406325e+01
6.416332e+01
6.426250e+01
6.436310e+01
6.446403e+01
6.456404e+01
6.466414e+01
6.476429e+01
6.486346e+01
6.496373e+01
6.506341e+01
6.516351e+01
6.526362e+01
6.536358e+01
6.546344e+01
6.556360e+01
6.566439e+01
6.576378e+01
6.586377e+01
6.596371e+01
6.606390e+01
6.616380e+01
6.626430e+01
6.636382e+01
6.647283e+01
6.656326e+01
6.666387e+01
6.676332e+01
6.686418e+01
6.696411e+01
6.706424e+01
6.716423e+01
6.726428e+01
6.736429e+01
6.746431e+01
6.756434e+01
6.766431e+01
6.776453e+01
6.786874e+01
6.796452e+01
6.806458e+01
6.816402e+01
6.826402e+01
6.836412e+01
6.846422e+01
6.856439e+01
6.866424e+01
6.876433e+01
6.886433e+01
6.896435e+01
6.906428e+01
6.916453e+01
6.926444e+01
6.936440e+01
6.946445e+01
6.956458e+01
6.966497e+01
6.976476e+01
6.986510e+01
6.996497e+01
7.006491e+01
7.016495e+01
7.026508e+01
7.036510e+01
7.046524e+01
7.056520e+01
7.066507e+01
7.076524e+01
7.086520e+01
7.096528e+01
7.106449e+01
7.116459e+01
7.126540e+01
7.136526e+01
7.146541e+01
7.156535e+01
7.166532e+01
7.176537e+01
7.186548e+01
7.196575e+01
7.206565e+01
7.216560e+01
7.226543e+01
7.236562e+01
7.246572e+01
7.256575e+01
7.266582e+01
7.276583e+01
7.286570e+01
7.296584e+01
7.306587e+01
7.316534e+01
7.326594e+01
7.336632e+01
7.346603e+01
7.356624e+01
7.366605e+01
7.376604e+01
7.386613e+01
7.396607e+01
7.406697e+01
7.416793e+01
7.426643e+01
7.436627e+01
7.446617e+01
7.456655e+01
7.466648e+01
7.476697e+01
7.486649e+01
7.496642e+01
7.506670e+01
7.516680e+01
7.526655e+01
7.536675e+01
7.546746e+01
7.556689e+01
7.566685e+01
7.576701e+01
7.586718e+01
7.596703e+01
7.606708e+01
7.616734e+01
7.626672e+01
7.636889e+01
7.646695e+01
7.656697e+01
7.666692e+01
7.676699e+01
7.686711e+01
7.696699e+01
7.706687e+01
7.716688e+01
7.726782e+01
7.736833e+01
7.746798e+01
7.756819e+01
7.766808e+01
7.776763e+01
7.786745e+01
7.796851e+01
7.806740e+01
7.816758e+01
7.826751e+01
7.836727e+01
7.846729e+01
7.856959e+01
7.866793e+01
7.876811e+01
7.886798e+01
7.896943e+01
7.906823e+01
7.916810e+01
7.926820e+01
7.936806e+01
7.946804e+01
7.956744e+01
7.966752e+01
7.976980e+01
7.986725e+01
7.996879e+01
8.006920e+01
8.019952e+01
8.026737e+01
8.036791e+01
8.046794e+01
8.056830e+01
8.066835e+01
8.076839e+01
8.086991e+01
8.096859e+01
8.106902e+01
8.116867e+01
8.126885e+01
8.136883e+01
8.146886e+01
8.157065e+01
8.167102e+01
8.177027e+01
8.187061e+01
8.197024e+01
8.207041e+01
8.217121e+01
8.227061e+01
8.237080e+01
8.247131e+01
8.257067e+01
8.267093e+01
8.277120e+01
8.286903e+01
8.297102e+01
8.307101e+01
8.317111e+01
8.327161e+01
8.337079e+01
8.347081e+01
8.357115e+01
8.367181e+01
8.377082e+01
8.387135e+01
8.397085e+01
8.407138e+01
8.417142e+01
8.427107e+01
8.437131e+01
8.446949e+01
8.456929e+01
8.466928e+01
8.476926e+01
8.486947e+01
8.496941e+01
8.507171e+01
8.516943e+01
8.527141e+01
8.537142e+01
8.546960e+01
8.557235e+01
8.567037e+01
8.577212e+01
8.587041e+01
8.597028e+01
8.607178e+01
8.616976e+01
8.627199e+01
8.637016e+01
8.647187e+01
8.657007e+01
8.667008e+01
8.677011e+01
8.686955e+01
8.697012e+01
8.707085e+01
8.717040e+01
8.727217e+01
8.737011e+01
8.747027e+01
8.757067e+01
8.767054e+01
8.777141e+01
8.787310e+01
8.797062e+01
8.807164e+01
8.817091e+01
8.827093e+01
8.837091e+01
8.847197e+01
8.857116e+01
8.867125e+01
8.877104e+01
8.887147e+01
8.897123e+01
8.907287e+01
8.917289e+01
8.927363e+01
8.937285e+01
8.947173e+01
8.957318e+01
8.967271e+01
8.977305e+01
8.987326e+01
8.997247e+01
9.007302e+01
9.017212e+01
9.027304e+01
9.037284e+01
9.047302e+01
9.057370e+01
9.067320e+01
9.077302e+01
9.087374e+01
9.097451e+01
9.107323e+01
9.117323e+01
9.127336e+01
9.137316e+01
9.147390e+01
9.157390e+01
9.167359e+01
9.177321e+01
9.187352e+01
9.197242e+01
9.207380e+01
9.217427e+01
9.227402e+01
9.237458e+01
9.247388e+01
9.257381e+01
9.267456e+01
9.277440e+01
9.287400e+01
9.297375e+01
9.307412e+01
9.317434e+01
9.327400e+01
9.337499e+01
9.347490e+01
9.357407e+01
9.367490e+01
9.377447e+01
9.387443e+01
9.397414e+01
9.407528e+01
9.417526e+01
9.427414e+01
9.437455e+01
9.448683e+01
9.457195e+01
9.467469e+01
9.477447e+01
9.487480e+01
9.497451e+01
9.507427e+01
9.517454e+01
9.527475e+01
9.537487e+01
9.547477e+01
9.557537e+01
9.567465e+01
9.577547e+01
9.587356e+01
9.597551e+01
9.607522e+01
9.617588e+01
9.627556e+01
9.637527e+01
9.647564e+01
9.657576e+01
9.668896e+01
9.677525e+01
9.687929e+01
9.697648e+01
9.707524e+01
9.717376e+01
9.727382e+01
9.737389e+01
9.747375e+01
9.757402e+01
9.767385e+01
9.777387e+01
9.787396e+01
9.797417e+01
9.807409e+01
9.817415e+01
9.827458e+01
9.837583e+01
9.847466e+01
9.857438e+01
9.867443e+01
9.877457e+01
9.887428e+01
9.897473e+01
9.907362e+01
9.917487e+01
9.927459e+01
9.937433e+01
9.947418e+01
9.957340e+01
9.967443e+01
9.977469e+01
9.987433e+01
9.997447e+01
1.000736e+02
1.001745e+02
1.002744e+02
1.003746e+02
1.004763e+02
1.005750e+02
1.006749e+02
1.007751e+02
1.008752e+02
1.009751e+02
1.010744e+02
1.011747e+02
1.012747e+02
1.013753e+02
1.014760e+02
1.015753e+02
1.016760e+02
1.017760e+02
1.018957e+02
1.019746e+02
1.020757e+02
1.021774e+02
1.022753e+02
1.023776e+02
1.024752e+02
1.025747e+02
1.026769e+02
1.027751e+02
1.028753e+02
1.029755e+02
1.030752e+02
1.031755e+02
1.032754e+02
1.033756e+02
1.034760e+02
1.035771e+02
1.036769e+02
1.037763e+02
1.038757e+02
1.039759e+02
1.040774e+02
1.041751e+02
1.042757e+02
1.043755e+02
1.044756e+02
1.045756e+02
1.046757e+02
1.047759e+02
1.048756e+02
1.049752e+02
1.050761e+02
1.051763e+02
1.052773e+02
1.053764e+02
1.054778e+02
1.055753e+02
1.056780e+02
1.057770e+02
1.058776e+02
1.059760e+02
1.060764e+02
1.061764e+02
1.062766e+02
1.063766e+02
1.064770e+02
1.065772e+02
1.066768e+02
1.067766e+02
1.068769e+02
1.069766e+02
1.070766e+02
1.071767e+02
1.072760e+02
1.073766e+02
1.074769e+02
1.075765e+02
1.076768e+02
1.077768e+02
1.078767e+02
1.079771e+02
1.080769e+02
1.081770e+02
1.082773e+02
1.083774e+02
1.084771e+02
1.085763e+02
1.086770e+02
1.087772e+02
1.088771e+02
1.089771e+02
1.090772e+02
1.091772e+02
1.092780e+02
1.093773e+02
1.094774e+02
1.095774e+02
1.096775e+02
1.097773e+02
1.098774e+02
1.099778e+02
1.100780e+02
1.101903e+02
1.102783e+02
1.103777e+02
1.104785e+02
1.105776e+02
1.106776e+02
1.107777e+02
1.108778e+02
1.109777e+02
1.110786e+02
1.111787e+02
1.112779e+02
1.113774e+02
1.114787e+02
1.115778e+02
1.116787e+02
1.117788e+02
1.118786e+02
1.119785e+02
1.120785e+02
1.121786e+02
1.122791e+02
1.123778e+02
1.124797e+02
1.125781e+02
1.126789e+02
1.127781e+02
1.128791e+02
1.129784e+02
1.130787e+02
1.131787e+02
1.132787e+02
1.133783e+02
1.134789e+02
1.135785e+02
1.136785e+02
1.137787e+02
1.138784e+02
1.139783e+02
1.140786e+02
1.141795e+02
1.142793e+02
1.143796e+02
1.144798e+02
1.145788e+02
1.146790e+02
1.147793e+02
1.148793e+02
1.149785e+02
1.150789e+02
1.151791e+02
1.152789e+02
1.153792e+02
1.154788e+02
1.155796e+02
1.156794e+02
1.157802e+02
1.158795e+02
1.159798e+02
1.160799e+02
1.161805e+02
1.162808e+02
1.163793e+02
1.164790e+02
1.165796e+02
1.166795e+02
1.167796e+02
1.168800e+02
1.169798e+02
1.170796e+02
1.171797e+02
1.172797e+02
1.173791e+02
1.174796e+02
1.175799e+02
1.176798e+02
1.177798e+02
1.178798e+02
1.179794e+02
1.180799e+02
1.181799e+02
1.182798e+02
1.183798e+02
1.184796e+02
1.185799e+02
1.186799e+02
1.187802e+02
1.188803e+02
1.189802e+02
1.190811e+02
1.191805e+02
1.192804e+02
1.193805e+02
1.194804e+02
1.195800e+02
1.196804e+02
1.197804e+02
1.198805e+02
1.199805e+02
1.200804e+02
1.201805e+02
1.202804e+02
1.203801e+02
1.204807e+02
1.205809e+02
1.206807e+02
1.207809e+02
1.208803e+02
1.209808e+02
1.210808e+02
1.211808e+02
1.213021e+02
1.213804e+02
1.214815e+02
1.215809e+02
1.216810e+02
1.217817e+02
1.218809e+02
1.219818e+02
1.220818e+02
1.221819e+02
1.222818e+02
1.223819e+02
1.224821e+02
1.225818e+02
1.226809e+02
1.227839e+02
1.228822e+02
1.229820e+02
1.230820e+02
1.231820e+02
1.232821e+02
1.233822e+02
1.234812e+02
1.235822e+02
1.236817e+02
1.237822e+02
1.238820e+02
1.239821e+02
1.240823e+02
1.241821e+02
1.242821e+02
1.243822e+02
1.244822e+02
1.245822e+02
1.246814e+02
1.247817e+02
1.248822e+02
1.249821e+02
1.250824e+02
1.251822e+02
1.252823e+02
1.253824e+02
1.254824e+02
1.255824e+02
1.256837e+02
1.257827e+02
1.258827e+02
1.259828e+02
1.260827e+02
1.261829e+02
1.262830e+02
1.263827e+02
1.264828e+02
1.265831e+02
1.266820e+02
1.267826e+02
1.268830e+02
1.269831e+02
1.270831e+02
1.271834e+02
1.272831e+02
1.273830e+02
1.274831e+02
1.275825e+02
1.276831e+02
1.277830e+02
1.278825e+02
1.279829e+02
1.280832e+02
1.281828e+02
1.282834e+02
1.283835e+02
1.284832e+02
1.285832e+02
1.286835e+02
1.287832e+02
1.288832e+02
1.289833e+02
1.290835e+02
1.291834e+02
1.292840e+02
1.293834e+02
1.294834e+02
1.295837e+02
1.296834e+02
1.297840e+02
1.298857e+02
1.299838e+02
1.300838e+02
1.301846e+02
1.302841e+02
1.303839e+02
1.304844e+02
1.305840e+02
1.306841e+02
1.307850e+02
1.308837e+02
1.309847e+02
1.310843e+02
1.311848e+02
1.312840e+02
1.313848e+02
1.314840e+02
1.315842e+02
1.316851e+02
1.317839e+02
1.318835e+02
1.319860e+02
1.320846e+02
1.321846e+02
1.322853e+02
1.323849e+02
1.324852e+02
1.325857e+02
1.326851e+02
1.327851e+02
1.328846e+02
1.329850e+02
1.330839e+02
1.331855e+02
1.332852e+02
1.333853e+02
1.334857e+02
1.335850e+02
1.336852e+02
1.337859e+02
1.338854e+02
1.339855e+02
1.340852e+02
1.341855e+02
1.342859e+02
1.343866e+02
1.344858e+02
1.345860e+02
1.346854e+02
1.347846e+02
1.348876e+02
1.349848e+02
1.350865e+02
1.351860e+02
1.352869e+02
1.353862e+02
1.354870e+02
1.355862e+02
1.356859e+02
1.357872e+02
1.358863e+02
1.359860e+02
1.360874e+02
1.361875e+02
1.362861e+02
1.363856e+02
1.364864e+02
1.365870e+02
1.366875e+02
1.367864e+02
1.368866e+02
1.369878e+02
1.370863e+02
1.371863e+02
1.372864e+02
1.373864e+02
1.374856e+02
1.375865e+02
1.376876e+02
1.377870e+02
1.378895e+02
1.379863e+02
1.380860e+02
1.381864e+02
1.382873e+02
1.383864e+02
1.384863e+02
1.385875e+02
1.386862e+02
1.387883e+02
1.388865e+02
1.389864e+02
1.390863e+02
1.391883e+02
1.392868e+02
1.393868e+02
1.394871e+02
1.395874e+02
1.396884e+02
1.397871e+02
1.398868e+02
1.399878e+02
1.400877e+02
1.401873e+02
1.402898e+02
1.403874e+02
1.404871e+02
1.405879e+02
1.406871e+02
1.407869e+02
1.408871e+02
1.409872e+02
1.410870e+02
1.411871e+02
1.412872e+02
1.413871e+02
1.414878e+02
1.415877e+02
1.416873e+02
1.417884e+02
1.418883e+02
1.419875e+02
1.420877e+02
1.421870e+02
1.422882e+02
1.423881e+02
1.424893e+02
1.425880e+02
1.426883e+02
1.427885e+02
1.428882e+02
1.429903e+02
1.430898e+02
1.431874e+02
1.432879e+02
1.433876e+02
1.434882e+02
1.435885e+02
1.436874e+02
1.437887e+02
1.438904e+02
1.439890e+02
1.440886e+02
1.441883e+02
1.442882e+02
1.443876e+02
1.444893e+02
1.445884e+02
1.446882e+02
1.447889e+02
1.448886e+02
1.449886e+02
1.450891e+02
1.451886e+02
1.452884e+02
1.453888e+02
1.454883e+02
1.455898e+02
1.456902e+02
1.457896e+02
1.458889e+02
1.459910e+02
1.460892e+02
1.461909e+02
1.462890e+02
1.463897e+02
1.464899e+02
1.465896e+02
1.466932e+02
1.467887e+02
1.468890e+02
1.469891e+02
1.470892e+02
1.471896e+02
1.472895e+02
1.473896e+02
1.474904e+02
1.475893e+02
1.476895e+02
1.477912e+02
1.478893e+02
1.479911e+02
1.480948e+02
1.481895e+02
1.482896e+02
1.483914e+02
1.484916e+02
1.485920e+02
1.486920e+02
1.487906e+02
1.488915e+02
1.489931e+02
1.490910e+02
1.491916e+02
1.492925e+02
1.493941e+02
1.494916e+02
1.495924e+02
1.496914e+02
1.497918e+02
1.498923e+02
1.499919e+02
1.500923e+02
1.501938e+02
1.502919e+02
1.503917e+02
1.504937e+02
1.505918e+02
1.506918e+02
1.507930e+02
1.508925e+02
1.509922e+02
1.510931e+02
1.511925e+02
1.512920e+02
1.513933e+02
1.514924e+02
1.515929e+02
1.516922e+02
1.517923e+02
1.518922e+02
1.519933e+02
1.520923e+02
1.521931e+02
1.522940e+02
1.523920e+02
1.524925e+02
1.525925e+02
1.526928e+02
1.527927e+02
1.528927e+02
1.529939e+02
1.530926e+02
1.531935e+02
1.532928e+02
1.533927e+02
1.534916e+02
1.535930e+02
1.536937e+02
1.537942e+02
1.538930e+02
1.539931e+02
1.540929e+02
1.541931e+02
1.542928e+02
1.543938e+02
1.544930e+02
1.545932e+02
1.546932e+02
1.547933e+02
1.548918e+02
1.549927e+02
1.550921e+02
1.551931e+02
1.552934e+02
1.553939e+02
1.554956e+02
1.555949e+02
1.556934e+02
1.557914e+02
1.558932e+02
1.559934e+02
1.560949e+02
1.561942e+02
1.562915e+02
1.563920e+02
1.564936e+02
1.565979e+02
1.566921e+02
1.567925e+02
1.568917e+02
1.569922e+02
1.570924e+02
1.571927e+02
1.572923e+02
1.573926e+02
1.574925e+02
1.575924e+02
1.576934e+02
1.577927e+02
1.578921e+02
1.579936e+02
1.580921e+02
1.581937e+02
1.582937e+02
1.583933e+02
1.584934e+02
1.585945e+02
1.586938e+02
1.587934e+02
1.588931e+02
1.589928e+02
1.590930e+02
1.591933e+02
1.592932e+02
1.593931e+02
1.594932e+02
1.595931e+02
1.596930e+02
1.597929e+02
1.598943e+02
1.599938e+02
1.600934e+02
1.601935e+02
1.602934e+02
1.603935e+02
1.604928e+02
1.605933e+02
1.606930e+02
1.607934e+02
1.608937e+02
1.609945e+02
1.610946e+02
1.611933e+02
1.612950e+02
1.613943e+02
1.614942e+02
1.615935e+02
1.616946e+02
1.617948e+02
1.618937e+02
1.619938e+02
1.620938e+02
1.621937e+02
1.622944e+02
1.623941e+02
1.624952e+02
1.625953e+02
1.626944e+02
1.627956e+02
1.628951e+02
1.629936e+02
1.630943e+02
1.631948e+02
1.632944e+02
1.633956e+02
1.634947e+02
1.635955e+02
1.636945e+02
1.637950e+02
1.638944e+02
1.639945e+02
1.640939e+02
1.641970e+02
1.642944e+02
1.643945e+02
1.645061e+02
1.645949e+02
1.646948e+02
1.647968e+02
1.648962e+02
1.649961e+02
1.650945e+02
1.651945e+02
1.652964e+02
1.653952e+02
1.654953e+02
1.655951e+02
1.656959e+02
1.657953e+02
1.658952e+02
1.659964e+02
1.660957e+02
1.661949e+02
1.662957e+02
1.663950e+02
1.664954e+02
1.665946e+02
1.666954e+02
1.667946e+02
1.668988e+02
1.669953e+02
1.670952e+02
1.671953e+02
1.672953e+02
1.673955e+02
1.674956e+02
1.675956e+02
1.676956e+02
1.677957e+02
1.678957e+02
1.679956e+02
1.680959e+02
1.681954e+02
1.682958e+02
1.683975e+02
1.684960e+02
1.685958e+02
1.686977e+02
1.687961e+02
1.688959e+02
1.690028e+02
1.690960e+02
1.691959e+02
1.692967e+02
1.693961e+02
1.694960e+02
1.695957e+02
1.696963e+02
1.697963e+02
1.698963e+02
1.699963e+02
1.700963e+02
1.701967e+02
1.702959e+02
1.703964e+02
1.704966e+02
1.705972e+02
1.706968e+02
1.707972e+02
1.708967e+02
1.709969e+02
1.710968e+02
1.711970e+02
1.712960e+02
1.713972e+02
1.714966e+02
1.715965e+02
1.716974e+02
1.717968e+02
1.718968e+02
1.719977e+02
1.720968e+02
1.721973e+02
1.722966e+02
1.723970e+02
1.724970e+02
1.725974e+02
1.726970e+02
1.727974e+02
1.728978e+02
1.729973e+02
1.730973e+02
1.731990e+02
1.732966e+02
1.733979e+02
1.734984e+02
1.735976e+02
1.736977e+02
1.737970e+02
1.738978e+02
1.739978e+02
1.740983e+02
1.741983e+02
1.742979e+02
1.743982e+02
1.744981e+02
1.745980e+02
1.746984e+02
1.747981e+02
1.748988e+02
1.749983e+02
1.750980e+02
1.751984e+02
1.752989e+02
1.753974e+02
1.754976e+02
1.755990e+02
1.756986e+02
1.757986e+02
1.758990e+02
1.759987e+02
1.760984e+02
1.761987e+02
1.762990e+02
1.763984e+02
1.764995e+02
1.765988e+02
1.766988e+02
1.767989e+02
1.768987e+02
1.769991e+02
1.770993e+02
1.771990e+02
1.772991e+02
1.774022e+02
1.774983e+02
1.775992e+02
1.776998e+02
1.777993e+02
1.778995e+02
1.779999e+02
1.780997e+02
1.781990e+02
1.782999e+02
1.784003e+02
1.784987e+02
1.785996e+02
1.787012e+02
1.787999e+02
1.788996e+02
1.790000e+02
1.791007e+02
1.791998e+02
1.792998e+02
1.794000e+02
1.795008e+02
1.795993e+02
1.797000e+02
1.797997e+02
1.798994e+02
1.799994e+02
1.801002e+02
1.802002e+02
1.802989e+02
1.804003e+02
1.805004e+02
1.805993e+02
1.807010e+02
1.808004e+02
1.809000e+02
1.809999e+02
1.811001e+02
1.812002e+02
1.813001e+02
1.814007e+02
1.815010e+02
1.815997e+02
1.816999e+02
1.817996e+02
1.819005e+02
1.820000e+02
1.821003e+02
1.822004e+02
1.823008e+02
1.824002e+02
1.825003e+02
1.826022e+02
1.827004e+02
1.828009e+02
1.829006e+02
1.830006e+02
1.831001e+02
1.832002e+02
1.833006e+02
1.834030e+02
1.835006e+02
1.836002e+02
1.837006e+02
1.838014e+02
1.839012e+02
1.840011e+02
1.841011e+02
1.842013e+02
1.843015e+02
1.844010e+02
1.845010e+02
1.846004e+02
1.847027e+02
1.848026e+02
1.849012e+02
1.850011e+02
1.851013e+02
1.852007e+02
1.853015e+02
1.854007e+02
1.855018e+02
1.856016e+02
1.857007e+02
1.858021e+02
1.859016e+02
1.860017e+02
1.861021e+02
1.862010e+02
1.863007e+02
1.864026e+02
1.865022e+02
1.866018e+02
1.867017e+02
1.868023e+02
1.869017e+02
1.870025e+02
1.871021e+02
1.872024e+02
1.873022e+02
1.874013e+02
1.875021e+02
1.876021e+02
1.877020e+02
1.878027e+02
1.879029e+02
1.880027e+02
1.881028e+02
1.882057e+02
1.883033e+02
1.884021e+02
1.885021e+02
1.886026e+02
1.887021e+02
1.888032e+02
1.889030e+02
1.890035e+02
1.891037e+02
1.892036e+02
1.893035e+02
1.894026e+02
1.895028e+02
1.896036e+02
1.897022e+02
1.898030e+02
1.899024e+02
1.900026e+02
1.901036e+02
1.902027e+02
1.903038e+02
1.904031e+02
1.905047e+02
1.906026e+02
1.907029e+02
1.908031e+02
1.909030e+02
1.910038e+02
1.911034e+02
1.912032e+02
1.913043e+02
1.914032e+02
1.915031e+02
1.916025e+02
1.917038e+02
1.918035e+02
1.919028e+02
1.920050e+02
1.921047e+02
1.922031e+02
1.923030e+02
1.924033e+02
1.925043e+02
1.926028e+02
1.927044e+02
1.928038e+02
1.929052e+02
1.930032e+02
1.931050e+02
1.932036e+02
1.933041e+02
1.934037e+02
1.935037e+02
1.936040e+02
1.937053e+02
1.938039e+02
1.939037e+02
1.940036e+02
1.941036e+02
1.942053e+02
1.943034e+02
1.944037e+02
1.945037e+02
1.946064e+02
1.947044e+02
1.948052e+02
1.949041e+02
1.950039e+02
1.951041e+02
1.952051e+02
1.953042e+02
1.954040e+02
1.955060e+02
1.956052e+02
1.957050e+02
1.958059e+02
1.959044e+02
1.960044e+02
1.961062e+02
1.962070e+02
1.963059e+02
1.964061e+02
1.965062e+02
1.966061e+02
1.967068e+02
1.968064e+02
1.969053e+02
1.970073e+02
1.971063e+02
1.972065e+02
1.973071e+02
1.974143e+02
1.975073e+02
1.976069e+02
1.977075e+02
1.978065e+02
1.979070e+02
1.980074e+02
1.981067e+02
1.982084e+02
1.983069e+02
1.984099e+02
1.985072e+02
1.986149e+02
1.987057e+02
1.988069e+02
1.989074e+02
1.990078e+02
1.991080e+02
1.992071e+02
1.993074e+02
1.994073e+02
1.995082e+02
1.996078e+02
1.997077e+02
1.998075e+02
1.999075e+02
2.000073e+02
2.001081e+02
2.002074e+02
2.003055e+02
2.004054e+02
2.005084e+02
2.006059e+02
2.007058e+02
2.008076e+02
2.009064e+02
2.010064e+02
2.011065e+02
2.012080e+02
2.013079e+02
2.014081e+02
2.015079e+02
2.016059e+02
2.017080e+02
2.018090e+02
2.019087e+02
2.020082e+02
2.021080e+02
2.022088e+02
2.023089e+02
2.024081e+02
2.025084e+02
2.026088e+02
2.027086e+02
2.028085e+02
2.029082e+02
2.030088e+02
2.031089e+02
2.032085e+02
2.033088e+02
2.034084e+02
2.035093e+02
2.036084e+02
2.037086e+02
2.038086e+02
2.039085e+02
2.040084e+02
2.041093e+02
2.042086e+02
2.043091e+02
2.044090e+02
2.045090e+02
2.046115e+02
2.047088e+02
2.048094e+02
2.049090e+02
2.050088e+02
2.051092e+02
2.052091e+02
2.053095e+02
2.054092e+02
2.055091e+02
2.056094e+02
2.057092e+02
2.058093e+02
2.059097e+02
2.060097e+02
2.061091e+02
2.062092e+02
2.063092e+02
2.064098e+02
2.065117e+02
2.066100e+02
2.067091e+02
2.068088e+02
2.069096e+02
2.070136e+02
2.071083e+02
2.072086e+02
2.073108e+02
2.074098e+02
2.075100e+02
2.076098e+02
2.077100e+02
2.078110e+02
2.079103e+02
2.080099e+02
2.081101e+02
2.082101e+02
2.083100e+02
2.084102e+02
2.085102e+02
2.086102e+02
2.087101e+02
2.088103e+02
2.089098e+02
2.090100e+02
2.091091e+02
2.092101e+02
2.093102e+02
2.094103e+02
2.095104e+02
2.096103e+02
2.097107e+02
2.098106e+02
2.099094e+02
2.100109e+02
2.101109e+02
2.102095e+02
2.103109e+02
2.104111e+02
2.105110e+02
2.106110e+02
2.107108e+02
2.108109e+02
2.109110e+02
2.110114e+02
2.111110e+02
2.112111e+02
2.113109e+02
2.114112e+02
2.115113e+02
2.116112e+02
2.117118e+02
2.118111e+02
2.119116e+02
2.120114e+02
2.121115e+02
2.122117e+02
2.123112e+02
2.124113e+02
2.125113e+02
2.126113e+02
2.127118e+02
2.128120e+02
2.129116e+02
2.130121e+02
2.131116e+02
2.132106e+02
2.133116e+02
2.134120e+02
2.135116e+02
2.136124e+02
2.137119e+02
2.138119e+02
2.139120e+02
2.140118e+02
2.141122e+02
2.142133e+02
2.143120e+02
2.144125e+02
2.145122e+02
2.146553e+02
2.147125e+02
2.148124e+02
2.149123e+02
2.150129e+02
2.151124e+02
2.152124e+02
2.153123e+02
2.154121e+02
2.155126e+02
2.156128e+02
2.157125e+02
2.158123e+02
2.159124e+02
2.160124e+02
2.161124e+02
2.162125e+02
2.163139e+02
2.164129e+02
2.165159e+02
2.166127e+02
2.167128e+02
2.168116e+02
2.169130e+02
2.170128e+02
2.171129e+02
2.172131e+02
2.173132e+02
2.174127e+02
2.175127e+02
2.176127e+02
2.177128e+02
2.178128e+02
2.179132e+02
2.180131e+02
2.181132e+02
2.182143e+02
2.183134e+02
2.184130e+02
2.185146e+02
2.186134e+02
2.187191e+02
2.188139e+02
2.189129e+02
2.190131e+02
2.191131e+02
2.192136e+02
2.193382e+02
2.194117e+02
2.195118e+02
2.196141e+02
2.197138e+02
2.198142e+02
2.199137e+02
2.200141e+02
2.201119e+02
2.202134e+02
2.203136e+02
2.204135e+02
2.205141e+02
2.206183e+02
2.207143e+02
2.208139e+02
2.209140e+02
2.210147e+02
2.211140e+02
2.212141e+02
2.213147e+02
2.214143e+02
2.215145e+02
2.216140e+02
2.217141e+02
2.218139e+02
2.219141e+02
2.220148e+02
2.221151e+02
2.222145e+02
2.223150e+02
2.224150e+02
2.225145e+02
2.226146e+02
2.227143e+02
2.228134e+02
2.229151e+02
2.230150e+02
2.231149e+02
2.232145e+02
2.233146e+02
2.234135e+02
2.235139e+02
2.236135e+02
2.237136e+02
2.238135e+02
2.239127e+02
2.240140e+02
2.241138e+02
2.242148e+02
2.243134e+02
2.244134e+02
2.245133e+02
2.246133e+02
2.247134e+02
2.248135e+02
2.249134e+02
2.250132e+02
2.251135e+02
2.252134e+02
2.253137e+02
2.254137e+02
2.255140e+02
2.256140e+02
2.257139e+02
2.258139e+02
2.259138e+02
2.260139e+02
2.261139e+02
2.262143e+02
2.263143e+02
2.264142e+02
2.265139e+02
2.266144e+02
2.267139e+02
2.268140e+02
2.269135e+02
2.270143e+02
2.271142e+02
2.272144e+02
2.273142e+02
2.274145e+02
2.275144e+02
2.276145e+02
2.277240e+02
2.278164e+02
2.279144e+02
2.280141e+02
2.281150e+02
2.282150e+02
2.283151e+02
2.284152e+02
2.285167e+02
2.286145e+02
2.287145e+02
2.288147e+02
2.289151e+02
2.290142e+02
2.291142e+02
2.292164e+02
2.293148e+02
2.294142e+02
2.295157e+02
2.296156e+02
2.297149e+02
2.298151e+02
2.299145e+02
2.300152e+02
2.301147e+02
2.302159e+02
2.303157e+02
2.304159e+02
2.305152e+02
2.306162e+02
2.307153e+02
2.308153e+02
2.309159e+02
2.310160e+02
2.311174e+02
2.312179e+02
2.313155e+02
2.314153e+02
2.315175e+02
2.316182e+02
2.317176e+02
2.318171e+02
2.319177e+02
2.320172e+02
2.321173e+02
2.322183e+02
2.323180e+02
2.324174e+02
2.325163e+02
2.326163e+02
2.327165e+02
2.328167e+02
2.329165e+02
2.330181e+02
2.331177e+02
2.332157e+02
2.333172e+02
2.334166e+02
2.335167e+02
2.336168e+02
2.337167e+02
2.338167e+02
2.339166e+02
2.340168e+02
2.341160e+02
2.342179e+02
2.343161e+02
2.344169e+02
2.345170e+02
2.346172e+02
2.347160e+02
2.348165e+02
2.349164e+02
2.350165e+02
2.351172e+02
2.352166e+02
2.353161e+02
2.354169e+02
2.355167e+02
2.356178e+02
2.357163e+02
2.358178e+02
2.359174e+02
2.360167e+02
2.361168e+02
2.362178e+02
2.363170e+02
2.364168e+02
2.365188e+02
2.366179e+02
2.367169e+02
2.368169e+02
2.369179e+02
2.370171e+02
2.371171e+02
2.372177e+02
2.373175e+02
2.374170e+02
2.375182e+02
2.376186e+02
2.377178e+02
2.378177e+02
2.379186e+02
2.380187e+02
2.381182e+02
2.382187e+02
2.383176e+02
2.384171e+02
2.385182e+02
2.386191e+02
2.387187e+02
2.388181e+02
2.389186e+02
2.390188e+02
2.391180e+02
2.392181e+02
2.393193e+02
2.394178e+02
2.395186e+02
2.396186e+02
2.397193e+02
2.398192e+02
2.399193e+02
2.400195e+02
2.401194e+02
2.402199e+02
2.403193e+02
2.404200e+02
2.405198e+02
2.406199e+02
2.407186e+02
2.408191e+02
2.409203e+02
2.410205e+02
2.411209e+02
2.412382e+02
2.413183e+02
2.414193e+02
2.415190e+02
2.416191e+02
2.417197e+02
2.418197e+02
2.419189e+02
2.420191e+02
2.421216e+02
2.422204e+02
2.423218e+02
2.424208e+02
2.425207e+02
2.426189e+02
2.427209e+02
2.428207e+02
2.429310e+02
2.430216e+02
2.431217e+02
2.432252e+02
2.433213e+02
2.434219e+02
2.435214e+02
2.436219e+02
2.437214e+02
2.438221e+02
2.439214e+02
2.440211e+02
2.441217e+02
2.442223e+02
2.443215e+02
2.444212e+02
2.445221e+02
2.446223e+02
2.447214e+02
2.448220e+02
2.449219e+02
2.450222e+02
2.451223e+02
2.452223e+02
2.453220e+02
2.454234e+02
2.455248e+02
2.456253e+02
2.457250e+02
2.458223e+02
2.459274e+02
2.460220e+02
2.461219e+02
2.462221e+02
2.463228e+02
2.464242e+02
2.465230e+02
2.466229e+02
2.467224e+02
2.468223e+02
2.469221e+02
2.470224e+02
2.471229e+02
2.472228e+02
2.473232e+02
2.474225e+02
2.475224e+02
2.476224e+02
2.477232e+02
2.478244e+02
2.479225e+02
2.480225e+02
2.481256e+02
2.482234e+02
2.483344e+02
2.484232e+02
2.485227e+02
2.486232e+02
2.487232e+02
2.488238e+02
2.489229e+02
2.490233e+02
2.491232e+02
2.492243e+02
2.493231e+02
2.494232e+02
2.495233e+02
2.496233e+02
2.497232e+02
2.498241e+02
2.499211e+02
2.500235e+02
2.501236e+02
2.502224e+02
2.503241e+02
2.504287e+02
2.505238e+02
2.506235e+02
2.507236e+02
2.508231e+02
2.509234e+02
2.510239e+02
2.511243e+02
2.512234e+02
2.513238e+02
2.514249e+02
2.515237e+02
2.516259e+02
2.517225e+02
2.518226e+02
2.519229e+02
2.520230e+02
2.521228e+02
2.522215e+02
2.523300e+02
2.524235e+02
2.525256e+02
2.526226e+02
2.527227e+02
2.528227e+02
2.529224e+02
2.530227e+02
2.531245e+02
2.532228e+02
2.533217e+02
2.534230e+02
2.535228e+02
2.536231e+02
2.537241e+02
2.538228e+02
2.539231e+02
2.540229e+02
2.541231e+02
2.542230e+02
2.543231e+02
2.544234e+02
2.545232e+02
2.546233e+02
2.547238e+02
2.548237e+02
2.549238e+02
2.550230e+02
2.551227e+02
2.552232e+02
2.553225e+02
2.554234e+02
2.555239e+02
2.556233e+02
2.557231e+02
2.558239e+02
2.559247e+02
2.560235e+02
2.561232e+02
2.562234e+02
2.563234e+02
2.564244e+02
2.565233e+02
2.566233e+02
2.567242e+02
2.568239e+02
2.569249e+02
2.570247e+02
2.571244e+02
2.572234e+02
2.573235e+02
2.574232e+02
2.575243e+02
2.576242e+02
2.577245e+02
2.578245e+02
2.579248e+02
2.580270e+02
2.581246e+02
2.582238e+02
2.583239e+02
2.584244e+02
2.585243e+02
2.586245e+02
2.587244e+02
2.588244e+02
2.589244e+02
2.590246e+02
2.591294e+02
2.592257e+02
2.593246e+02
2.594248e+02
2.595239e+02
2.596244e+02
2.597243e+02
2.598338e+02
2.599252e+02
2.600249e+02
2.601249e+02
2.602251e+02
2.603251e+02
2.604247e+02
2.605244e+02
2.606247e+02
2.607247e+02
2.608247e+02
2.609247e+02
2.610247e+02
2.611260e+02
2.612249e+02
2.613265e+02
2.614255e+02
2.615275e+02
2.616244e+02
2.617250e+02
2.618249e+02
2.619283e+02
2.620264e+02
2.621268e+02
2.622264e+02
2.623257e+02
2.624261e+02
2.625262e+02
2.626259e+02
2.627263e+02
2.628254e+02
2.629254e+02
2.630267e+02
2.631247e+02
2.632256e+02
2.633266e+02
2.634257e+02
2.635293e+02
2.636263e+02
2.637278e+02
2.638255e+02
2.639266e+02
2.640257e+02
2.641257e+02
2.642262e+02
2.643258e+02
2.644262e+02
2.645258e+02
2.646256e+02
2.647264e+02
2.648267e+02
2.649270e+02
2.650273e+02
2.651273e+02
2.652266e+02
2.653266e+02
2.654273e+02
2.655263e+02
2.656272e+02
2.657270e+02
2.658270e+02
2.659278e+02
2.660273e+02
2.661275e+02
2.662266e+02
2.663267e+02
2.664273e+02
2.665267e+02
2.666269e+02
2.667267e+02
2.668280e+02
2.669421e+02
2.670267e+02
2.671265e+02
2.672269e+02
2.673267e+02
2.674268e+02
2.675275e+02
2.676268e+02
2.677270e+02
2.678271e+02
2.679269e+02
2.680275e+02
2.681287e+02
2.682276e+02
2.683273e+02
2.684273e+02
2.685276e+02
2.686278e+02
2.687275e+02
2.688268e+02
2.689282e+02
2.690286e+02
2.691288e+02
2.692287e+02
2.693268e+02
2.694274e+02
2.695274e+02
2.696275e+02
2.697276e+02
2.698272e+02
2.699288e+02
2.700275e+02
2.701278e+02
2.702278e+02
2.703276e+02
2.704328e+02
2.705280e+02
2.706280e+02
2.707280e+02
2.708273e+02
2.709279e+02
2.710277e+02
2.711277e+02
2.712273e+02
2.713280e+02
2.714282e+02
2.715280e+02
2.716282e+02
2.717281e+02
2.718275e+02
2.719286e+02
2.720279e+02
2.721282e+02
2.722287e+02
2.723287e+02
2.724300e+02
2.725291e+02
2.726308e+02
2.727285e+02
2.728282e+02
2.729279e+02
2.730300e+02
2.731282e+02
2.732284e+02
2.733284e+02
2.734285e+02
2.735286e+02
2.736295e+02
2.737321e+02
2.738287e+02
2.739288e+02
2.740288e+02
2.741287e+02
2.742338e+02
2.743284e+02
2.744295e+02
2.745303e+02
2.746289e+02
2.747292e+02
2.748293e+02
2.749292e+02
2.750290e+02
2.751291e+02
2.752291e+02
2.753288e+02
2.754288e+02
2.755305e+02
2.756290e+02
2.757304e+02
2.758308e+02
2.759296e+02
2.760287e+02
2.761298e+02
2.762292e+02
2.763299e+02
2.764299e+02
2.765300e+02
2.766300e+02
2.767300e+02
2.768303e+02
2.769305e+02
2.770302e+02
2.771294e+02
2.772305e+02
2.773309e+02
2.774306e+02
2.775307e+02
2.776306e+02
2.777306e+02
2.778306e+02
2.779308e+02
2.780308e+02
2.781329e+02
2.782321e+02
2.783301e+02
2.784300e+02
2.785305e+02
2.786351e+02
2.787303e+02
2.788303e+02
2.789303e+02
2.790304e+02
2.791305e+02
2.792311e+02
2.793330e+02
2.794303e+02
2.795328e+02
2.796325e+02
2.797330e+02
2.798309e+02
2.799312e+02
2.800313e+02
2.801307e+02
2.802327e+02
2.803312e+02
2.804308e+02
2.805310e+02
2.806310e+02
2.807311e+02
2.808310e+02
2.809322e+02
2.810314e+02
2.811313e+02
2.812331e+02
2.813322e+02
2.814312e+02
2.815335e+02
2.816313e+02
2.817316e+02
2.818316e+02
2.819316e+02
2.820317e+02
2.821417e+02
2.822343e+02
2.823316e+02
2.824321e+02
2.825320e+02
2.826316e+02
2.827318e+02
2.828314e+02
2.829328e+02
2.830326e+02
2.831320e+02
2.832316e+02
2.833325e+02
2.834327e+02
2.835325e+02
2.836328e+02
2.837328e+02
2.838326e+02
2.839319e+02
2.840321e+02
2.841321e+02
2.842321e+02
2.843321e+02
2.844322e+02
2.845315e+02
2.846340e+02
2.847325e+02
2.848327e+02
2.849323e+02
2.850322e+02
2.851323e+02
2.852329e+02
2.853347e+02
2.854323e+02
2.855324e+02
2.856324e+02
2.857324e+02
2.858330e+02
2.859330e+02
2.860329e+02
2.861329e+02
2.862332e+02
2.863338e+02
2.864342e+02
2.865340e+02
2.866341e+02
2.867333e+02
2.868325e+02
2.869335e+02
2.870340e+02
2.871341e+02
2.872334e+02
2.873330e+02
2.874326e+02
2.875333e+02
2.876337e+02
2.877343e+02
2.878334e+02
2.879336e+02
2.880331e+02
2.881340e+02
2.882335e+02
2.883347e+02
2.884328e+02
2.885342e+02
2.886333e+02
2.887328e+02
2.888337e+02
2.889338e+02
2.890340e+02
2.891346e+02
2.892343e+02
2.893340e+02
2.894335e+02
2.895340e+02
2.896340e+02
2.897347e+02
2.898343e+02
2.899340e+02
2.900334e+02
2.901357e+02
2.902355e+02
2.903371e+02
2.904353e+02
2.905335e+02
2.906348e+02
2.907341e+02
2.908341e+02
2.909339e+02
2.910340e+02
2.911352e+02
2.912341e+02
2.913343e+02
2.914342e+02
2.915343e+02
2.916342e+02
2.917339e+02
2.918344e+02
2.919351e+02
2.920345e+02
2.921343e+02
2.922346e+02
2.923347e+02
2.924346e+02
2.925352e+02
2.926354e+02
2.927351e+02
2.928350e+02
2.929351e+02
2.930342e+02
2.931350e+02
2.932354e+02
2.933356e+02
2.934353e+02
2.935356e+02
2.936345e+02
2.937359e+02
2.938352e+02
2.939354e+02
2.940344e+02
2.941354e+02
2.942354e+02
2.943355e+02
2.944355e+02
2.945356e+02
2.946347e+02
2.947367e+02
2.948364e+02
2.949364e+02
2.950419e+02
2.951349e+02
2.952358e+02
2.953364e+02
2.954360e+02
2.955360e+02
2.956359e+02
2.957358e+02
2.958359e+02
2.959364e+02
2.960362e+02
2.961362e+02
2.962362e+02
2.963361e+02
2.964359e+02
2.965361e+02
2.966361e+02
2.967354e+02
2.968356e+02
2.969383e+02
2.970357e+02
2.971381e+02
2.972360e+02
2.973361e+02
2.974360e+02
2.975367e+02
2.976365e+02
2.977357e+02
2.978358e+02
2.979362e+02
2.980368e+02
2.981371e+02
2.982401e+02
2.983366e+02
2.984370e+02
2.985355e+02
2.986363e+02
2.987371e+02
2.988361e+02
2.989381e+02
2.990379e+02
2.991376e+02
2.992371e+02
2.993371e+02
2.994370e+02
2.995371e+02
2.996373e+02
2.997372e+02
2.998364e+02
2.999368e+02
3.000370e+02
3.001369e+02
3.002372e+02
3.003378e+02
3.004390e+02
3.005371e+02
3.006371e+02
3.007371e+02
3.008367e+02
3.009377e+02
3.010378e+02
3.011377e+02
3.012377e+02
3.013372e+02
3.014383e+02
3.015411e+02
3.016376e+02
3.017379e+02
3.018379e+02
3.019375e+02
3.020376e+02
3.021376e+02
3.022378e+02
3.023377e+02
3.024383e+02
3.025381e+02
3.026397e+02
3.027381e+02
3.028381e+02
3.029374e+02
3.030383e+02
3.031374e+02
3.032374e+02
3.033381e+02
3.034381e+02
3.035385e+02
3.036384e+02
3.037389e+02
3.038385e+02
3.039380e+02
3.040391e+02
3.041390e+02
3.042392e+02
3.043392e+02
3.044390e+02
3.045383e+02
3.046385e+02
3.047387e+02
3.048387e+02
3.049384e+02
3.050390e+02
3.051403e+02
3.052383e+02
3.053388e+02
3.054387e+02
3.055382e+02
3.056389e+02
3.057390e+02
3.058390e+02
3.059394e+02
3.060384e+02
3.061389e+02
3.062391e+02
3.063392e+02
3.064393e+02
3.065392e+02
3.066392e+02
3.067394e+02
3.068394e+02
3.069394e+02
3.070390e+02
3.071401e+02
3.072401e+02
3.073395e+02
3.074402e+02
3.075400e+02
3.076394e+02
3.077397e+02
3.078396e+02
3.079395e+02
3.080395e+02
3.081395e+02
3.082421e+02
3.083396e+02
3.084392e+02
3.085394e+02
3.086399e+02
3.087397e+02
3.088398e+02
3.089398e+02
3.090399e+02
3.091394e+02
3.092406e+02
3.093402e+02
3.094402e+02
3.095406e+02
3.096403e+02
3.097403e+02
3.098404e+02
3.099405e+02
3.100407e+02
3.101401e+02
3.102407e+02
3.103404e+02
3.104404e+02
3.105408e+02
3.106402e+02
3.107402e+02
3.108404e+02
3.109413e+02
3.110404e+02
3.111404e+02
3.112400e+02
3.113414e+02
3.114419e+02
3.115426e+02
3.116405e+02
3.117405e+02
3.118405e+02
3.119412e+02
3.120417e+02
3.121406e+02
3.122404e+02
3.123409e+02
3.124411e+02
3.125412e+02
3.126411e+02
3.127419e+02
3.128408e+02
3.129411e+02
3.130409e+02
3.131412e+02
3.132406e+02
3.133409e+02
3.134421e+02
3.135414e+02
3.136416e+02
3.137412e+02
3.138425e+02
3.139423e+02
3.140426e+02
3.141424e+02
3.142419e+02
3.143412e+02
3.144425e+02
3.145412e+02
3.146419e+02
3.147427e+02
3.148426e+02
3.149426e+02
3.150419e+02
3.151420e+02
3.152420e+02
3.153411e+02
3.154425e+02
3.155422e+02
3.156421e+02
3.157429e+02
3.158434e+02
3.159429e+02
3.160424e+02
3.161423e+02
3.162430e+02
3.163420e+02
3.164417e+02
3.165430e+02
3.166431e+02
3.167431e+02
3.168426e+02
3.169427e+02
3.170426e+02
3.171422e+02
3.172422e+02
3.173424e+02
3.174422e+02
3.175425e+02
3.176423e+02
3.177426e+02
3.178426e+02
3.179427e+02
3.180428e+02
3.181430e+02
3.182429e+02
3.183423e+02
3.184422e+02
3.185423e+02
3.186426e+02
3.187427e+02
3.188424e+02
3.189427e+02
3.190427e+02
3.191429e+02
3.192467e+02
3.193426e+02
3.194449e+02
3.195499e+02
3.196426e+02
3.197431e+02
3.198431e+02
3.199432e+02
3.200438e+02
3.201438e+02
3.202439e+02
3.203442e+02
3.204476e+02
3.205431e+02
3.206459e+02
3.207430e+02
3.208450e+02
3.209436e+02
