55.775260 0.0000000 0.0000000 0.0000000 0.0000000 0.0000000 0.0000000 1.0000000
56.275320 0.0014184 -0.0149104 0.0005408 -0.0018823 0.0002230 -0.0071779 0.9999725
56.375320 0.0017155 -0.0178506 0.0004144 -0.0000499 0.0001316 -0.0076762 0.9999705
57.075540 0.0056453 -0.0411980 -0.0013092 -0.0019512 -0.0004902 -0.0031043 0.9999931
61.376890 -0.0017895 -0.0926529 0.0095704 -0.0009227 -0.0063590 -0.0273550 0.9996051
62.377370 -0.0412448 -0.0899536 0.0133913 -0.0010445 -0.0054536 -0.0171040 0.9998383
62.576910 -0.0505012 -0.0900566 0.0138938 0.0009223 -0.0054755 -0.0154107 0.9998658
62.777300 -0.0599639 -0.0907295 0.0142600 0.0016158 -0.0050184 -0.0151052 0.9998720
64.077440 -0.1260044 -0.0894622 0.0127842 0.0105866 -0.0044975 -0.0021393 0.9999316
64.577610 -0.1518385 -0.0891987 0.0072727 0.0143713 -0.0036545 0.0000392 0.9998900
68.178840 -0.3087604 -0.1047756 -0.0655933 -0.0092596 -0.0051278 -0.0062208 0.9999247
68.378960 -0.3166820 -0.1050682 -0.0699500 -0.0102711 -0.0054597 -0.0071714 0.9999066
68.680450 -0.3279876 -0.1056506 -0.0759153 -0.0131169 -0.0056995 0.0097213 0.9998505
70.479640 -0.3794297 -0.1058906 -0.0830396 -0.0084157 -0.0079916 -0.0212204 0.9997075
70.679750 -0.3868910 -0.1072831 -0.0815073 -0.0069375 -0.0079260 -0.0123654 0.9998680
70.881340 -0.3943709 -0.1074947 -0.0808777 -0.0092466 -0.0079259 -0.0088426 0.9998868
72.180490 -0.4390862 -0.1139582 -0.0724202 -0.0116028 -0.0082586 0.0104247 0.9998443
72.382740 -0.4438670 -0.1144309 -0.0704605 -0.0110973 -0.0081512 0.0260582 0.9995656
73.381130 -0.4554531 -0.1166655 -0.0583587 -0.0111158 -0.0085630 0.0094359 0.9998570
78.181440 -0.4603740 -0.1026449 0.0095433 -0.0062157 -0.0110189 -0.0237671 0.9996375
78.481860 -0.4731556 -0.1051429 0.0091723 -0.0080239 -0.0117057 -0.0215147 0.9996678
78.682640 -0.4816908 -0.1065660 0.0089213 -0.0096524 -0.0123593 -0.0190921 0.9996948
83.083750 -0.5985491 -0.2084016 0.0163895 -0.0047904 -0.0209257 -0.0143862 0.9996660
83.983860 -0.6142138 -0.2311752 0.0235021 -0.0068325 -0.0248563 -0.0403625 0.9988525
84.084060 -0.6171488 -0.2328297 0.0243863 -0.0050354 -0.0240101 -0.0388274 0.9989448
84.282870 -0.6233621 -0.2360733 0.0264363 -0.0001487 -0.0237117 -0.0364230 0.9990551
84.984460 -0.6493742 -0.2407707 0.0299633 -0.0033220 -0.0199036 -0.0147213 0.9996880
85.185190 -0.6574215 -0.2402539 0.0308086 -0.0092571 -0.0189087 -0.0004186 0.9997783
85.784190 -0.6809277 -0.2392249 0.0361805 -0.0055554 -0.0217935 -0.0053128 0.9997330
85.984290 -0.6886772 -0.2396834 0.0385417 0.0022148 -0.0215203 0.0212055 0.9995410
88.085000 -0.6961347 -0.2337548 0.0552937 0.0041622 -0.0217876 0.0288053 0.9993389
88.585250 -0.6807128 -0.2331679 0.0581798 0.0149698 -0.0226229 -0.0002410 0.9996319
88.985360 -0.6677768 -0.2331593 0.0584085 0.0164452 -0.0215544 0.0001017 0.9996324
89.785480 -0.6388882 -0.2303448 0.0540757 0.0016070 -0.0228561 0.0058656 0.9997203
89.985790 -0.6313475 -0.2297660 0.0528901 -0.0003170 -0.0235825 0.0128869 0.9996388
90.285780 -0.6183355 -0.2294526 0.0513087 0.0012340 -0.0239946 0.0268100 0.9993517
90.885940 -0.5864565 -0.2313486 0.0482773 0.0021446 -0.0251249 0.0238001 0.9993986
91.486300 -0.5457748 -0.2325046 0.0478692 0.0008507 -0.0256362 0.0014841 0.9996698
91.686230 -0.5318895 -0.2327736 0.0478890 0.0057009 -0.0266057 0.0002461 0.9996297
91.886130 -0.5171733 -0.2323873 0.0467102 0.0070561 -0.0277691 -0.0065877 0.9995677
92.086570 -0.5026991 -0.2323837 0.0461160 0.0036904 -0.0270159 -0.0078812 0.9995971
92.285770 -0.4876442 -0.2330417 0.0451117 -0.0024429 -0.0268578 -0.0104305 0.9995819
92.886380 -0.4468276 -0.2335364 0.0418850 -0.0072578 -0.0264701 -0.0127084 0.9995425
93.086770 -0.4343947 -0.2338540 0.0414058 -0.0012384 -0.0270913 -0.0083944 0.9995970
93.387610 -0.4176972 -0.2356747 0.0397912 0.0113201 -0.0286030 0.0042144 0.9995179
94.887640 -0.3397180 -0.2438937 0.0131940 0.0003723 -0.0294902 0.0013086 0.9995642
95.287760 -0.3225353 -0.2460034 0.0025429 -0.0144168 -0.0286091 0.0203553 0.9992794
95.487830 -0.3127463 -0.2461080 -0.0022714 -0.0138948 -0.0294302 0.0275553 0.9990903
95.787110 -0.2970072 -0.2466009 -0.0096127 -0.0150363 -0.0320601 0.0277610 0.9989872
96.388400 -0.2614068 -0.2480090 -0.0227618 -0.0314704 -0.0317426 0.0214594 0.9987700
96.587660 -0.2482250 -0.2486685 -0.0259616 -0.0259203 -0.0309712 0.0239422 0.9988973
97.288940 -0.2002872 -0.2514144 -0.0339326 -0.0239221 -0.0321057 -0.0087671 0.9991597
97.788020 -0.1681551 -0.2539939 -0.0374243 -0.0210551 -0.0329960 -0.0251718 0.9989166
98.588260 -0.1260767 -0.2569257 -0.0401861 -0.0191222 -0.0343353 -0.0192210 0.9990425
98.988980 -0.1091066 -0.2577581 -0.0407515 -0.0162812 -0.0336218 -0.0157545 0.9991778
99.189110 -0.1025739 -0.2582704 -0.0406707 -0.0127060 -0.0328349 -0.0058502 0.9993629
99.588850 -0.0885320 -0.2579668 -0.0400566 -0.0135075 -0.0327502 0.0158307 0.9992469
101.189200 -0.0130674 -0.2622055 -0.0371590 -0.0181296 -0.0361206 0.0193816 0.9989950
101.990200 0.0329046 -0.2645905 -0.0287295 -0.0243802 -0.0358682 0.0134279 0.9989688
102.189300 0.0438500 -0.2654123 -0.0250890 -0.0205125 -0.0356714 0.0145287 0.9990474
102.389100 0.0548094 -0.2671061 -0.0212567 -0.0182910 -0.0352579 0.0158376 0.9990853
103.789800 0.1402222 -0.2740144 0.0083069 0.0145057 -0.0365904 -0.0155853 0.9991035
103.991100 0.1503748 -0.2734216 0.0100176 -0.0023675 -0.0359711 0.0058164 0.9993331
104.190700 0.1606200 -0.2745820 0.0108975 -0.0095028 -0.0352027 0.0196661 0.9991415
114.993500 0.6307235 -0.2773522 -0.0685984 -0.0468273 -0.0351389 0.0009919 0.9982843
115.994100 0.6384757 -0.2766167 -0.0624324 -0.0830859 -0.0348593 0.0176816 0.9957755
116.493600 0.6438104 -0.2780234 -0.0406105 -0.0430361 -0.0337282 0.0132333 0.9984164
118.995600 0.6649288 -0.2957695 0.0689237 -0.0149126 -0.0358405 0.0074627 0.9992184
120.395100 0.6765538 -0.3006784 0.1209851 -0.0247244 -0.0352363 0.0008987 0.9990727
121.297400 0.6819842 -0.2993065 0.1633980 0.0034341 -0.0352430 0.0413315 0.9985178
125.897000 0.6787257 -0.2958733 0.2204369 -0.0111771 -0.5475534 0.0119001 0.8366114
126.997300 0.6784037 -0.2966606 0.2164010 -0.0101646 -0.6662976 0.0152868 0.7454600
128.798000 0.6657832 -0.3109468 0.2102952 -0.0275736 -0.6780711 -0.0161763 0.7343008
129.198000 0.6563006 -0.3135366 0.2018242 -0.0587993 -0.6766429 -0.0329816 0.7332184
129.597700 0.6391978 -0.3163176 0.1939264 -0.0550625 -0.6772778 -0.0292750 0.7330797
129.797800 0.6273350 -0.3178060 0.1908831 -0.0399360 -0.6776055 -0.0140354 0.7342064
130.399800 0.5903101 -0.3253691 0.1807835 0.0209590 -0.6753653 0.0534557 0.7352448
131.199000 0.5616325 -0.3323213 0.1719844 -0.0184934 -0.6775697 0.0101033 0.7351567
132.898800 0.4899971 -0.3408157 0.1598280 -0.0149456 -0.6772730 0.0031034 0.7355734
133.900600 0.4395382 -0.3445452 0.1558714 -0.0085919 -0.6769962 0.0056767 0.7359145
134.106600 0.4306822 -0.3451048 0.1540853 -0.0148112 -0.6770211 0.0076784 0.7357745
134.400000 0.4169214 -0.3446928 0.1521190 -0.0191840 -0.6776408 0.0051345 0.7351248
135.800500 0.3540129 -0.3415519 0.1494227 -0.0187460 -0.6767182 -0.0034895 0.7359952
135.999900 0.3453704 -0.3419473 0.1491913 -0.0195586 -0.6771352 -0.0046441 0.7355840
137.200300 0.2890248 -0.3325651 0.1469875 -0.0224488 -0.6774191 0.0070010 0.7352214
140.303600 0.1634303 -0.3059559 0.1169206 -0.0427927 -0.6746688 -0.0054323 0.7368591
141.401700 0.1127412 -0.3026558 0.1052125 0.0335599 -0.6737692 0.0001881 0.7381793
141.602100 0.1053400 -0.3019054 0.1000478 0.0330319 -0.6737198 0.0030829 0.7382418
141.901500 0.0952410 -0.3009700 0.0907285 0.0149280 -0.6744131 0.0008605 0.7382028
142.202100 0.0874853 -0.3003741 0.0792711 -0.0217959 -0.6740258 -0.0000829 0.7383862
143.806900 0.0126430 -0.2990684 0.0419557 0.0137552 -0.6729522 0.0509474 0.7378011
144.304100 -0.0019185 -0.2984668 0.0371610 0.0126990 -0.6668312 0.0506818 0.7433749
160.607200 0.0033046 -0.1575739 0.0028242 0.0125961 -0.0063515 -0.0009115 0.9999001
163.008100 0.0255508 -0.1644494 0.0271789 0.0092620 -0.0082231 -0.0024819 0.9999202
163.908600 0.0409760 -0.1645651 0.0275705 -0.0156804 -0.0096537 -0.0077375 0.9998005
164.208500 0.0455536 -0.1628223 0.0271513 -0.0133189 -0.0095641 -0.0093502 0.9998218
179.613600 0.1158361 -0.0780923 0.1891009 -0.0030173 0.5152844 -0.0258813 0.8566231
182.315000 0.1201131 -0.0677678 0.1939144 -0.0070261 0.6992467 -0.0077067 0.7148044
183.615100 0.1401989 -0.0691609 0.1926813 0.0146323 0.6974796 -0.0296727 0.7158405
184.515100 0.1548904 -0.0679530 0.1874283 0.0005268 0.6973462 -0.0154360 0.7165680
185.518100 0.1740785 -0.0683539 0.1784185 0.0064582 0.6967261 -0.0254541 0.7168564
188.316200 0.2372175 -0.0723350 0.1449338 -0.0389644 0.7884361 0.0377824 0.6127174
188.416400 0.2415985 -0.0727202 0.1425006 -0.0332125 0.7916767 0.0281894 0.6093851
188.516100 0.2465835 -0.0733118 0.1403429 -0.0244542 0.7952802 0.0133988 0.6056004
189.117600 0.2811173 -0.0751124 0.1260370 -0.0154931 0.8032874 -0.0725153 0.5909576
191.117200 0.3652018 -0.0773408 0.1193661 0.0166750 0.8460311 -0.0240591 0.5323292
192.917800 0.4121282 -0.0711195 0.0977637 0.0131148 0.8997934 -0.0139881 0.4358946
193.718200 0.4309964 -0.0667344 0.0801025 -0.0261309 0.9016969 -0.0284903 0.4306370
194.417600 0.4576909 -0.0715276 0.0693441 -0.0170285 0.9006924 -0.0545165 0.4306868
194.818300 0.4745584 -0.0738611 0.0672207 0.0025532 0.8995620 -0.0641884 0.4320435
195.018700 0.4819904 -0.0746827 0.0683051 0.0122522 0.8998102 -0.0580171 0.4322332
201.120100 0.6620326 -0.0800090 0.0661613 0.0363254 0.9992982 -0.0045832 -0.0079049
201.420300 0.6642916 -0.0817280 0.0635606 0.0397597 0.9987464 -0.0291869 -0.0085403
204.021100 0.6562138 -0.0972491 0.0647286 0.0178034 0.9974878 0.0682266 -0.0067944
214.424200 0.5682298 -0.1946001 0.0126935 0.0183916 0.9993992 -0.0165015 -0.0243052
214.625000 0.5616678 -0.1905717 0.0135048 0.0173955 0.9993920 -0.0181402 -0.0241637
214.826700 0.5551285 -0.1859161 0.0136506 0.0210375 0.9992871 -0.0199677 -0.0241674
217.026100 0.5040478 -0.1198335 0.0147182 -0.0031323 0.9993443 -0.0230622 -0.0277368
217.826900 0.5050570 -0.0930535 0.0125644 -0.0358503 0.9987854 -0.0154911 -0.0300433
218.025500 0.5086439 -0.0870138 0.0116816 -0.0300836 0.9988874 -0.0205532 -0.0299408
218.225800 0.5133895 -0.0809453 0.0103268 -0.0127637 0.9992424 -0.0225164 -0.0290645
218.425000 0.5193779 -0.0742795 0.0089166 0.0051734 0.9994286 -0.0181239 -0.0280558
219.826100 0.5679817 -0.0321452 -0.0008644 0.0005436 0.9992723 -0.0278745 -0.0260314
220.026400 0.5767154 -0.0260830 -0.0012904 0.0008332 0.9993134 -0.0251271 -0.0272174
220.227300 0.5852948 -0.0196922 -0.0017056 -0.0030675 0.9994059 -0.0204691 -0.0275578
220.627200 0.6043203 -0.0053135 -0.0038659 0.0028548 0.9993787 -0.0188893 -0.0296198
221.027000 0.6240043 0.0006888 -0.0070348 0.0217937 0.9990705 -0.0195579 -0.0316342
221.227300 0.6329855 0.0001082 -0.0091228 0.0126487 0.9991665 -0.0250326 -0.0296573
221.427000 0.6417239 -0.0017016 -0.0116357 0.0013448 0.9990714 -0.0310310 -0.0298600
221.627200 0.6511184 -0.0044082 -0.0139245 0.0008102 0.9989392 -0.0356178 -0.0291778
222.727800 0.7058668 -0.0295101 -0.0186575 0.0057668 0.9990790 -0.0344964 -0.0248569
223.127000 0.7276101 -0.0446323 -0.0169385 0.0342203 0.9987424 -0.0269716 -0.0248026
223.327600 0.7381576 -0.0517654 -0.0156083 0.0563491 0.9978175 -0.0236749 -0.0249916
223.727900 0.7536545 -0.0660499 -0.0111539 0.0777138 0.9962666 -0.0265979 -0.0265700
224.028000 0.7591188 -0.0763291 -0.0079901 0.0692251 0.9968477 -0.0271705 -0.0276450
224.928500 0.7544477 -0.1099968 0.0065379 0.0192258 0.9993988 0.0126011 -0.0259541
225.428700 0.7491127 -0.1271148 0.0084210 0.0119555 0.9994670 0.0170773 -0.0251248
225.627600 0.7472593 -0.1359649 0.0055357 0.0230862 0.9993989 0.0077727 -0.0246659
226.528100 0.7287601 -0.1750181 -0.0115154 0.0214619 0.9988956 -0.0321977 -0.0266505
227.028400 0.7119352 -0.1901450 -0.0146075 0.1155427 0.9927071 -0.0229071 -0.0256447
227.228500 0.7001567 -0.1938903 -0.0152594 0.1189291 0.9923109 -0.0226494 -0.0257270
228.329000 0.6379910 -0.2058987 -0.0181762 -0.0260912 0.9992186 -0.0136186 -0.0263824
231.230700 0.6147235 -0.2168485 -0.0301409 0.0392874 0.9987203 -0.0207362 -0.0241698
231.531700 0.6048614 -0.2170975 -0.0294104 0.0349576 0.9988021 -0.0236508 -0.0247594
232.732000 0.5665550 -0.2130459 -0.0243816 -0.0111169 0.9970959 -0.0044058 -0.0752108
233.432500 0.5519285 -0.2114866 -0.0254208 0.0130035 0.9550104 -0.0156487 -0.2958737
233.830100 0.5449002 -0.2105169 -0.0249765 0.0114944 0.9062950 -0.0161501 -0.4221805
235.431000 0.5312391 -0.2065798 -0.0199454 -0.0116732 -0.7473726 0.0134309 0.6641667
236.231400 0.5162200 -0.2066429 -0.0198273 -0.0325255 -0.7469027 -0.0135155 0.6639999
236.931600 0.4898299 -0.2092519 -0.0189011 -0.0071687 -0.7474942 0.0037275 0.6642193
237.031600 0.4858975 -0.2090466 -0.0197014 -0.0071357 -0.7472841 0.0033006 0.6644582
238.933000 0.4182412 -0.2143302 -0.0275419 -0.0031785 -0.7133465 0.0107334 0.7007222
239.632700 0.4006915 -0.2166293 -0.0342775 -0.0075711 -0.7104520 0.0068873 0.7036713
240.032600 0.3906297 -0.2186878 -0.0383350 -0.0268772 -0.7049820 -0.0065115 0.7086859
241.041400 0.3500400 -0.2216921 -0.0509221 -0.0195719 -0.7057237 0.0056559 0.7081942
244.936500 0.1931538 -0.2244618 -0.0818486 -0.0204200 -0.7065970 0.0071824 0.7072850
245.634300 0.1632030 -0.2228118 -0.0856807 -0.0229207 -0.7067316 0.0029616 0.7071041
246.234800 0.1360005 -0.2236400 -0.0869734 -0.0133411 -0.7073995 0.0115860 0.7065930
247.136800 0.1001289 -0.2225154 -0.0930388 -0.0274751 -0.7070525 0.0005315 0.7066270
247.536100 0.0828696 -0.2208990 -0.0943409 -0.0312578 -0.7066301 -0.0092548 0.7068318
249.035800 -0.0041912 -0.2204006 -0.0978382 -0.0082113 -0.7077742 0.0177273 0.7061685
250.337000 -0.0662976 -0.2153295 -0.0984010 -0.0238708 -0.7070315 0.0249397 0.7063389
251.337400 -0.1072728 -0.2119471 -0.0883100 -0.0242179 -0.7084983 0.0075120 0.7052569
252.837600 -0.1822184 -0.2065536 -0.0722607 -0.0236252 -0.7093861 -0.0021063 0.7044209
253.037000 -0.1940280 -0.2059521 -0.0707972 -0.0222515 -0.7095646 -0.0083815 0.7042391
253.239000 -0.2063221 -0.2055142 -0.0704143 -0.0164942 -0.7096108 -0.0040160 0.7043894
286.851100 -0.2760451 0.0256770 -0.0181587 -0.0057242 -0.7248737 0.0060003 0.6888319
287.147200 -0.2752601 0.0261647 -0.0298528 -0.0091303 -0.7250397 0.0063387 0.6886174
287.347200 -0.2749538 0.0261791 -0.0378097 -0.0080310 -0.7252816 0.0086534 0.6883512
288.048000 -0.2719338 0.0193387 -0.0654768 -0.0245822 -0.7237385 0.0246097 0.6891971
288.447600 -0.2701341 0.0125593 -0.0777729 -0.0305512 -0.7235178 0.0249337 0.6891785
288.647500 -0.2696052 0.0090050 -0.0825207 -0.0199364 -0.7242987 0.0130933 0.6890736
289.749400 -0.2696102 -0.0169473 -0.1077299 -0.0119047 -0.7247032 0.0154278 0.6887856
290.048200 -0.2696632 -0.0244466 -0.1148736 -0.0085881 -0.7240757 0.0122551 0.6895581
290.348600 -0.2695751 -0.0310007 -0.1212670 -0.0060973 -0.7239903 0.0094456 0.6897185
313.858100 -0.3318461 -0.0466798 -0.0035098 -0.0109999 -0.7286870 0.0076216 0.6847160
314.156300 -0.3314871 -0.0471702 -0.0160832 -0.0295614 -0.7279094 0.0272875 0.6844920
314.456400 -0.3310767 -0.0475073 -0.0271400 -0.0551527 -0.7256950 0.0528697 0.6837615
326.860200 -0.3440908 -0.3406760 -0.0817305 -0.0109200 -0.7287964 -0.0004886 0.6846432
327.261600 -0.3428856 -0.3403002 -0.1001059 -0.0145520 -0.7289909 0.0102164 0.6842925
329.261700 -0.3358537 -0.3238321 -0.1460079 -0.0203860 -0.7285028 0.0110435 0.6846504
337.464300 -0.2212197 -0.2388065 -0.1325506 0.0043833 0.9168575 -0.0360674 -0.3975578
337.762700 -0.2109894 -0.2380066 -0.1331594 0.0041263 0.9244806 -0.0428257 -0.3787935
338.063700 -0.1998025 -0.2376667 -0.1314091 0.0044913 0.9317813 -0.0431887 -0.3604139
338.364100 -0.1865961 -0.2382639 -0.1302963 0.0070885 0.9388300 -0.0352721 -0.3424966
339.864500 -0.1143370 -0.2390978 -0.1196871 0.0184528 0.9677667 -0.0283164 -0.2495703
340.263900 -0.0952299 -0.2382740 -0.1164188 0.0152373 0.9734957 -0.0277088 -0.2265085
340.663900 -0.0761876 -0.2376862 -0.1141429 0.0093938 0.9792428 -0.0266162 -0.2007158
340.864000 -0.0672614 -0.2388439 -0.1133500 0.0036073 0.9821177 -0.0271186 -0.1862696
341.463900 -0.0358387 -0.2396292 -0.1098344 0.0126021 0.9893221 -0.0283303 -0.1424088
342.463900 0.0190503 -0.2403081 -0.1068616 0.0267785 0.9943542 -0.0369716 -0.0957892
342.765500 0.0327921 -0.2416191 -0.1047018 0.0206731 0.9952883 -0.0428386 -0.0844905
342.964900 0.0417757 -0.2415358 -0.1027646 0.0099182 0.9964418 -0.0353934 -0.0758467
343.965000 0.0960663 -0.2452228 -0.0917076 0.0075300 0.9983702 -0.0200768 -0.0528877
344.165100 0.1083620 -0.2467197 -0.0903702 0.0313431 0.9979987 -0.0146727 -0.0529230
344.365400 0.1202033 -0.2471189 -0.0888981 0.0412056 0.9977388 -0.0049930 -0.0528623
344.765700 0.1393775 -0.2475799 -0.0897689 0.0493238 0.9971091 0.0247490 -0.0522306
344.964600 0.1472653 -0.2481145 -0.0925279 0.0310965 0.9980454 0.0113608 -0.0530015
345.365400 0.1615489 -0.2489815 -0.1012780 -0.0075919 0.9980661 -0.0274975 -0.0552294
345.565700 0.1701047 -0.2486715 -0.1063288 -0.0170276 0.9975669 -0.0371469 -0.0564842
346.166900 0.2012592 -0.2497937 -0.1167862 0.0314147 0.9985934 -0.0418164 -0.0086989
346.466000 0.2161925 -0.2502516 -0.1194052 0.0264859 0.9987996 -0.0369856 0.0181650
346.765600 0.2292986 -0.2500669 -0.1223417 0.0175132 0.9979243 -0.0423131 0.0452779
346.966800 0.2378932 -0.2494425 -0.1239619 0.0124540 0.9969508 -0.0422263 0.0644280
348.166400 0.2904191 -0.2470754 -0.1186271 0.0069855 0.9814636 -0.0443900 0.1863064
348.466900 0.3036027 -0.2459841 -0.1133774 0.0038145 0.9742066 -0.0479756 0.2204663
349.168300 0.3369688 -0.2429777 -0.1009385 0.0077375 0.9546487 -0.0395512 0.2949942
349.966800 0.3726204 -0.2437647 -0.0821733 0.0076501 0.9154624 -0.0413529 0.4002000
351.967600 0.4441097 -0.2358055 -0.0149676 0.0304152 0.8244388 -0.0562590 0.5623260
353.869100 0.4248177 -0.2374385 0.0493167 0.0247992 0.7205240 -0.0268737 0.6924651
355.068700 0.4014774 -0.2305844 0.0723864 -0.0134019 0.6190422 -0.0552467 0.7832975
357.971400 0.3287463 -0.2064608 0.1412834 0.0049664 0.4203286 -0.0168990 0.9072010
358.371100 0.3170011 -0.1990848 0.1482636 0.0064311 0.4009949 -0.0167743 0.9159041
358.872800 0.3024445 -0.1894722 0.1535511 0.0034107 0.3753851 -0.0251674 0.9265209
363.771200 0.1579150 -0.0978944 0.1715775 -0.0041828 0.0628458 -0.0147859 0.9979050
364.873500 0.1157126 -0.0747082 0.1692435 -0.0074584 -0.0361515 -0.0206467 0.9991052
365.673700 0.0805375 -0.0556525 0.1631000 0.0066430 -0.1182853 -0.0036791 0.9929506
366.073800 0.0619240 -0.0480792 0.1556891 -0.0063095 -0.1585276 -0.0080525 0.9873015
366.879900 0.0271537 -0.0362722 0.1362747 0.0016943 -0.2427899 -0.0083852 0.9700412
367.273000 0.0114304 -0.0303890 0.1235386 -0.0010971 -0.2842015 -0.0063506 0.9587429
367.674100 -0.0059731 -0.0230577 0.1082098 -0.0033922 -0.3253624 -0.0031401 0.9455781
368.473200 -0.0323711 -0.0091974 0.0769333 -0.0227062 -0.4044761 0.0207351 0.9140315
368.875000 -0.0409179 -0.0009239 0.0641021 -0.0238339 -0.4468574 0.0159147 0.8941461
369.272300 -0.0478612 0.0075043 0.0528120 -0.0270941 -0.4871998 0.0363726 0.8721120
370.373000 -0.0553538 0.0275729 0.0293038 -0.0219442 -0.5832825 0.0306133 0.8113956
370.673500 -0.0552563 0.0321242 0.0242522 -0.0215277 -0.6058359 0.0225701 0.7949780
372.274400 -0.0454987 0.0399446 0.0061135 -0.0183464 -0.6489406 0.0265206 0.7601553
372.874500 -0.0384156 0.0486663 0.0017953 -0.0326364 -0.6614161 0.0132043 0.7491924
373.475600 -0.0333657 0.0544156 -0.0005995 -0.0245649 -0.6819422 0.0246579 0.7305775
373.975400 -0.0290596 0.0586740 -0.0011728 -0.0203190 -0.7024477 0.0198822 0.7111674
375.075100 -0.0172901 0.0696787 -0.0043224 -0.0210127 -0.7021227 0.0223907 0.7113936
375.375800 -0.0132541 0.0749606 -0.0059631 -0.0310275 -0.7022892 0.0207300 0.7109131
375.576300 -0.0106947 0.0787475 -0.0066163 -0.0385231 -0.7024412 0.0182673 0.7104638
376.776800 -0.0056603 0.0877885 -0.0018002 -0.0248465 -0.7029519 0.0048719 0.7107865
395.281200 -0.0057370 0.0889619 -0.0012837 -0.0019989 -0.7010811 0.0080633 0.7130331
