1.340626e+00
1.440359e+00
1.540102e+00
1.640263e+00
1.740259e+00
1.840267e+00
1.940464e+00
2.040372e+00
2.140213e+00
2.240332e+00
2.340321e+00
2.441945e+00
2.540378e+00
2.640877e+00
2.740420e+00
2.840578e+00
2.940618e+00
3.040611e+00
3.140826e+00
3.240724e+00
3.340549e+00
3.441215e+00
3.540726e+00
3.640752e+00
3.740709e+00
3.840797e+00
3.940758e+00
4.040764e+00
4.140902e+00
4.240893e+00
4.340877e+00
4.441058e+00
4.540908e+00
4.640975e+00
4.741068e+00
4.840984e+00
4.942924e+00
5.041124e+00
5.141054e+00
5.241118e+00
5.341237e+00
5.441211e+00
5.541801e+00
5.641309e+00
5.741304e+00
5.841497e+00
5.941504e+00
6.041351e+00
6.141512e+00
6.241657e+00
6.341470e+00
6.441564e+00
6.541647e+00
6.641550e+00
6.763272e+00
6.841656e+00
6.941653e+00
7.041967e+00
7.141739e+00
7.241649e+00
7.341877e+00
7.441847e+00
7.541676e+00
7.641827e+00
7.742154e+00
7.841856e+00
7.942066e+00
8.042018e+00
8.141974e+00
8.243812e+00
8.341997e+00
8.443465e+00
8.542889e+00
8.642611e+00
8.742056e+00
8.842914e+00
8.942373e+00
9.042177e+00
9.143087e+00
9.244173e+00
9.342114e+00
9.443812e+00
9.542745e+00
9.642432e+00
9.743373e+00
9.842641e+00
9.942511e+00
1.005068e+01
1.014627e+01
1.024319e+01
1.034704e+01
1.044292e+01
1.054284e+01
1.064433e+01
1.074517e+01
1.084332e+01
1.094328e+01
1.104371e+01
1.114283e+01
1.124339e+01
1.134320e+01
1.144395e+01
1.154774e+01
1.164346e+01
1.174601e+01
1.184430e+01
1.194380e+01
1.204413e+01
1.214927e+01
1.224415e+01
1.234621e+01
1.244396e+01
1.254434e+01
1.264463e+01
1.274509e+01
1.284378e+01
1.294380e+01
1.304478e+01
1.314688e+01
1.324397e+01
1.334396e+01
1.344458e+01
1.354383e+01
1.364426e+01
1.374406e+01
1.384782e+01
1.395511e+01
1.404503e+01
1.414730e+01
1.424555e+01
1.434672e+01
1.444398e+01
1.454462e+01
1.464416e+01
1.474463e+01
1.484822e+01
1.494745e+01
1.504740e+01
1.514607e+01
1.524711e+01
1.534471e+01
1.544456e+01
1.555383e+01
1.564898e+01
1.576773e+01
1.584476e+01
1.594593e+01
1.604468e+01
1.614448e+01
1.624493e+01
1.634450e+01
1.644792e+01
1.654453e+01
1.664530e+01
1.674472e+01
1.684491e+01
1.695047e+01
1.704515e+01
1.714489e+01
1.724523e+01
1.734648e+01
1.744645e+01
1.754521e+01
1.764581e+01
1.774465e+01
1.784604e+01
1.794682e+01
1.804679e+01
1.814829e+01
1.825585e+01
1.834515e+01
1.844534e+01
1.854529e+01
1.864528e+01
1.874576e+01
1.884758e+01
1.894881e+01
1.904641e+01
1.914585e+01
1.924608e+01
1.934704e+01
1.946409e+01
1.954734e+01
1.964716e+01
1.974824e+01
1.984589e+01
1.994724e+01
2.004631e+01
2.014612e+01
2.024587e+01
2.034729e+01
2.044546e+01
2.054576e+01
2.064593e+01
2.074582e+01
2.084655e+01
2.094579e+01
2.104784e+01
2.114910e+01
2.124641e+01
2.134872e+01
2.144611e+01
2.154621e+01
2.164623e+01
2.174621e+01
2.184630e+01
2.194668e+01
2.204856e+01
2.214693e+01
2.224663e+01
2.234693e+01
2.244688e+01
2.254829e+01
2.264887e+01
2.274665e+01
2.285151e+01
2.294679e+01
2.304674e+01
2.314783e+01
2.324644e+01
2.335276e+01
2.344725e+01
2.354865e+01
2.364812e+01
2.374775e+01
2.384758e+01
2.394681e+01
2.404698e+01
2.414774e+01
2.424731e+01
2.434830e+01
2.444803e+01
2.454767e+01
2.464701e+01
2.474709e+01
2.484706e+01
2.494736e+01
2.504892e+01
2.514910e+01
2.524879e+01
2.535086e+01
2.544740e+01
2.554829e+01
2.564731e+01
2.574956e+01
2.584738e+01
2.594921e+01
2.604758e+01
2.614793e+01
2.624806e+01
2.634830e+01
2.644928e+01
2.654935e+01
2.664935e+01
2.674950e+01
2.684831e+01
2.694754e+01
2.704946e+01
2.714993e+01
2.724924e+01
2.734923e+01
2.745119e+01
2.754958e+01
2.764799e+01
2.774798e+01
2.784771e+01
2.795321e+01
2.804824e+01
2.815259e+01
2.825011e+01
2.834884e+01
2.845003e+01
2.854871e+01
2.864827e+01
2.874892e+01
2.884826e+01
2.894804e+01
2.904870e+01
2.915569e+01
2.924955e+01
2.934914e+01
2.944914e+01
2.955083e+01
2.964859e+01
2.974828e+01
2.984874e+01
2.994885e+01
3.004911e+01
3.014893e+01
3.024859e+01
3.034996e+01
3.044881e+01
3.054873e+01
3.064869e+01
3.074889e+01
3.084904e+01
3.094888e+01
3.104889e+01
3.114848e+01
3.124966e+01
3.134981e+01
3.145135e+01
3.155249e+01
3.164932e+01
3.174889e+01
3.184894e+01
3.194891e+01
3.204917e+01
3.214914e+01
3.225029e+01
3.235720e+01
3.245113e+01
3.256673e+01
3.265148e+01
3.275016e+01
3.285167e+01
3.295257e+01
3.305233e+01
3.315295e+01
3.324969e+01
3.335240e+01
3.345012e+01
3.354952e+01
3.365096e+01
3.374958e+01
3.384999e+01
3.394983e+01
3.404933e+01
3.414959e+01
3.424970e+01
3.434969e+01
3.444972e+01
3.454985e+01
3.465145e+01
3.475025e+01
3.485169e+01
3.494987e+01
3.504988e+01
3.515008e+01
3.524993e+01
3.535150e+01
3.545017e+01
3.555022e+01
3.564997e+01
3.575029e+01
3.585028e+01
3.595137e+01
3.605004e+01
3.615021e+01
3.625037e+01
3.635032e+01
3.645060e+01
3.655040e+01
3.665047e+01
3.675033e+01
3.685093e+01
3.695088e+01
3.705148e+01
3.715055e+01
3.725051e+01
3.735061e+01
3.745067e+01
3.755069e+01
3.765125e+01
3.775085e+01
3.785079e+01
3.795088e+01
3.805087e+01
3.815213e+01
3.825083e+01
3.835146e+01
3.845091e+01
3.855101e+01
3.865091e+01
3.875086e+01
3.885442e+01
3.895113e+01
3.905148e+01
3.915178e+01
3.925187e+01
3.935180e+01
3.945153e+01
3.955117e+01
3.965126e+01
3.975115e+01
3.985126e+01
3.995133e+01
4.005144e+01
4.015917e+01
4.025307e+01
4.035148e+01
4.045118e+01
4.055143e+01
4.065230e+01
4.075182e+01
4.085172e+01
4.095175e+01
4.105158e+01
4.115327e+01
4.125191e+01
4.135177e+01
4.145173e+01
4.155305e+01
4.165357e+01
4.175779e+01
4.185348e+01
4.195868e+01
4.205268e+01
4.215325e+01
4.225263e+01
4.235284e+01
4.245308e+01
4.255435e+01
4.265333e+01
4.275467e+01
4.285967e+01
4.295296e+01
4.305255e+01
4.315416e+01
4.325722e+01
4.335329e+01
4.345423e+01
4.355313e+01
4.365591e+01
4.375371e+01
4.385682e+01
4.395251e+01
4.405357e+01
4.415358e+01
4.425337e+01
4.435494e+01
4.445388e+01
4.455428e+01
4.465559e+01
4.475901e+01
4.485419e+01
4.495459e+01
4.505394e+01
4.515292e+01
4.525361e+01
4.535328e+01
4.545337e+01
4.555379e+01
4.565565e+01
4.575479e+01
4.585746e+01
4.595362e+01
4.605341e+01
4.615503e+01
4.625471e+01
4.635586e+01
4.645792e+01
4.655736e+01
4.665361e+01
4.675574e+01
4.685615e+01
4.695408e+01
4.705392e+01
4.715740e+01
4.725397e+01
4.735379e+01
4.745845e+01
4.755401e+01
4.765685e+01
4.775494e+01
4.785609e+01
4.795412e+01
4.805599e+01
4.815446e+01
4.825547e+01
4.835487e+01
4.845438e+01
4.855678e+01
4.865460e+01
4.875424e+01
4.885412e+01
4.895544e+01
4.905391e+01
4.915390e+01
4.925394e+01
4.935522e+01
4.945497e+01
4.955466e+01
4.965417e+01
4.975653e+01
4.985842e+01
4.995435e+01
5.005421e+01
5.015434e+01
5.025555e+01
5.035437e+01
5.045655e+01
5.055473e+01
5.065588e+01
5.075431e+01
5.085636e+01
5.095465e+01
5.105456e+01
5.115538e+01
5.125452e+01
5.135688e+01
5.147858e+01
5.155458e+01
5.165513e+01
5.175530e+01
5.185477e+01
5.195493e+01
5.205487e+01
5.215476e+01
5.225474e+01
5.235475e+01
5.245489e+01
5.255493e+01
5.265487e+01
5.275492e+01
5.285507e+01
5.295516e+01
5.305518e+01
5.315561e+01
5.325516e+01
5.335517e+01
5.345524e+01
5.355519e+01
5.365556e+01
5.375530e+01
5.385538e+01
5.395535e+01
5.405541e+01
5.415550e+01
5.425594e+01
5.435545e+01
5.445570e+01
5.455552e+01
5.465549e+01
5.475549e+01
5.485553e+01
5.495565e+01
5.505642e+01
5.515560e+01
5.525583e+01
5.535616e+01
5.545575e+01
5.555575e+01
5.565583e+01
5.575611e+01
5.585565e+01
5.595589e+01
5.605596e+01
5.615592e+01
5.625603e+01
5.635601e+01
5.645699e+01
5.655604e+01
5.665603e+01
5.675596e+01
5.685618e+01
5.695622e+01
5.705616e+01
5.715630e+01
5.725623e+01
5.735632e+01
5.745640e+01
5.755658e+01
5.765648e+01
5.775620e+01
5.785678e+01
5.795639e+01
5.805639e+01
5.815647e+01
5.825645e+01
5.835656e+01
5.845666e+01
5.855703e+01
5.865715e+01
5.875686e+01
5.885675e+01
5.895674e+01
5.905676e+01
5.915647e+01
5.925694e+01
5.935683e+01
5.945701e+01
5.955702e+01
5.965709e+01
5.975712e+01
5.985710e+01
5.995721e+01
6.005708e+01
6.015703e+01
6.025708e+01
6.035715e+01
6.045717e+01
6.055727e+01
6.065757e+01
6.075739e+01
6.085753e+01
6.095774e+01
6.105733e+01
6.115736e+01
6.125745e+01
6.135745e+01
6.145754e+01
6.155754e+01
6.165756e+01
6.175766e+01
6.185781e+01
6.195777e+01
6.205858e+01
6.215770e+01
6.225777e+01
6.235784e+01
6.245781e+01
6.257061e+01
6.265764e+01
6.275817e+01
6.285838e+01
6.295830e+01
6.305879e+01
6.315840e+01
6.325831e+01
6.335840e+01
6.345842e+01
6.355881e+01
6.365867e+01
6.375849e+01
6.385853e+01
6.395881e+01
6.405876e+01
6.415891e+01
6.425968e+01
6.435868e+01
6.445878e+01
6.456019e+01
6.465872e+01
6.475891e+01
6.485911e+01
6.495918e+01
6.505911e+01
6.515886e+01
6.525908e+01
6.535983e+01
6.545898e+01
6.555938e+01
6.565914e+01
6.575918e+01
6.585924e+01
6.595930e+01
6.605918e+01
6.615886e+01
6.625908e+01
6.635904e+01
6.645918e+01
6.655940e+01
6.665922e+01
6.675911e+01
6.685919e+01
6.695922e+01
6.705918e+01
6.715926e+01
6.725922e+01
6.735931e+01
6.745937e+01
6.755965e+01
6.766027e+01
6.776018e+01
6.785945e+01
6.795940e+01
6.806018e+01
6.815963e+01
6.825953e+01
6.835953e+01
6.846043e+01
6.855986e+01
6.866003e+01
6.875989e+01
6.885969e+01
6.896060e+01
6.906072e+01
6.915993e+01
6.925995e+01
6.935987e+01
6.946084e+01
6.956002e+01
6.966007e+01
6.976300e+01
6.985998e+01
6.996015e+01
7.005998e+01
7.016125e+01
7.026128e+01
7.036028e+01
7.046118e+01
7.056125e+01
7.066030e+01
7.076033e+01
7.086031e+01
7.096090e+01
7.106030e+01
7.116035e+01
7.126125e+01
7.136034e+01
7.146037e+01
7.156087e+01
7.166121e+01
7.176049e+01
7.186057e+01
7.196129e+01
7.206099e+01
7.216059e+01
7.226148e+01
7.236066e+01
7.246095e+01
7.256134e+01
7.266076e+01
7.276072e+01
7.286082e+01
7.296089e+01
7.306096e+01
7.316132e+01
7.326243e+01
7.336085e+01
7.346105e+01
7.356108e+01
7.366158e+01
7.376120e+01
7.386107e+01
7.396129e+01
7.406150e+01
7.416137e+01
7.426236e+01
7.436110e+01
7.446126e+01
7.456132e+01
7.466138e+01
7.476146e+01
7.486146e+01
7.496140e+01
7.506203e+01
7.516161e+01
7.526164e+01
7.536242e+01
7.546153e+01
7.556146e+01
7.566147e+01
7.576160e+01
7.586187e+01
7.596163e+01
7.606164e+01
7.616175e+01
7.626184e+01
7.636189e+01
7.646190e+01
7.656179e+01
7.666187e+01
7.676190e+01
7.686203e+01
7.696213e+01
7.706190e+01
7.716197e+01
7.726216e+01
7.736218e+01
7.746213e+01
7.756238e+01
7.766676e+01
7.776204e+01
7.786216e+01
7.796242e+01
7.806245e+01
7.816242e+01
7.826248e+01
7.836262e+01
7.846263e+01
7.856251e+01
7.866272e+01
7.876422e+01
7.886238e+01
7.896262e+01
7.906267e+01
7.916263e+01
7.926269e+01
7.936264e+01
7.946274e+01
7.956279e+01
7.966291e+01
7.976294e+01
7.986311e+01
7.996289e+01
8.006290e+01
8.016289e+01
8.026295e+01
8.036305e+01
8.046309e+01
8.056304e+01
8.066310e+01
8.076347e+01
8.086339e+01
8.096397e+01
8.106318e+01
8.116335e+01
8.126337e+01
8.136343e+01
8.147457e+01
8.156642e+01
8.166331e+01
8.176334e+01
8.186367e+01
8.196360e+01
8.206389e+01
8.216354e+01
8.226359e+01
8.236351e+01
8.246355e+01
8.256374e+01
8.266360e+01
8.276362e+01
8.286364e+01
8.296375e+01
8.308052e+01
8.316385e+01
8.326408e+01
8.336403e+01
8.346401e+01
8.356403e+01
8.366412e+01
8.376769e+01
8.386381e+01
8.396448e+01
8.406426e+01
8.416424e+01
8.426505e+01
8.436443e+01
8.446426e+01
8.456428e+01
8.466425e+01
8.476441e+01
8.486433e+01
8.496446e+01
8.506472e+01
8.516452e+01
8.526466e+01
8.536535e+01
8.546459e+01
8.556475e+01
8.566495e+01
8.576470e+01
8.586471e+01
8.596578e+01
8.606490e+01
8.616506e+01
8.626507e+01
8.636531e+01
8.646514e+01
8.656484e+01
8.666512e+01
8.676613e+01
8.686513e+01
8.696505e+01
8.706532e+01
8.716562e+01
8.726529e+01
8.736531e+01
8.746555e+01
8.756550e+01
8.766600e+01
8.776525e+01
8.786570e+01
8.796530e+01
8.806544e+01
8.816573e+01
8.826599e+01
8.836544e+01
8.846621e+01
8.856601e+01
8.866553e+01
8.876565e+01
8.886612e+01
8.896596e+01
8.906630e+01
8.916589e+01
8.926642e+01
8.936580e+01
8.946596e+01
8.956636e+01
8.966715e+01
8.976619e+01
8.986592e+01
8.996618e+01
9.006579e+01
9.016628e+01
9.026624e+01
9.036633e+01
9.046622e+01
9.056667e+01
9.066683e+01
9.076625e+01
9.086638e+01
9.096673e+01
9.106628e+01
9.116626e+01
9.126671e+01
9.136626e+01
9.146628e+01
9.156634e+01
9.166663e+01
9.177868e+01
9.186640e+01
9.196706e+01
9.206663e+01
9.216645e+01
9.226647e+01
9.236655e+01
9.246659e+01
9.256686e+01
9.266664e+01
9.276668e+01
9.286654e+01
9.296670e+01
9.306689e+01
9.316674e+01
9.326681e+01
9.336757e+01
9.346699e+01
9.356786e+01
9.366806e+01
9.376751e+01
9.388260e+01
9.396707e+01
9.406773e+01
9.416724e+01
9.426724e+01
9.436711e+01
9.446794e+01
9.456786e+01
9.466711e+01
9.476809e+01
9.486818e+01
9.496783e+01
9.506727e+01
9.516804e+01
9.526822e+01
9.536847e+01
9.546843e+01
9.556836e+01
9.566745e+01
9.576743e+01
9.586838e+01
9.596835e+01
9.606757e+01
9.616761e+01
9.626897e+01
9.636921e+01
9.646768e+01
9.656940e+01
9.666859e+01
9.676772e+01
9.687047e+01
9.696812e+01
9.706780e+01
9.716801e+01
9.726855e+01
9.736895e+01
9.746815e+01
9.756807e+01
9.766894e+01
9.776833e+01
9.786809e+01
9.797334e+01
9.806829e+01
9.816828e+01
9.826819e+01
9.836863e+01
9.846826e+01
9.856832e+01
9.867053e+01
9.876840e+01
9.886868e+01
9.896869e+01
9.906846e+01
9.916842e+01
9.926840e+01
9.936904e+01
9.946931e+01
9.956928e+01
9.966935e+01
9.976892e+01
9.986885e+01
9.996876e+01
1.000694e+02
1.001688e+02
1.002696e+02
1.003689e+02
1.004693e+02
1.005695e+02
1.006694e+02
1.007702e+02
1.008691e+02
1.009691e+02
1.010691e+02
1.011695e+02
1.012693e+02
1.013692e+02
1.014700e+02
1.015693e+02
1.016746e+02
1.017692e+02
1.018696e+02
1.019694e+02
1.020694e+02
1.021699e+02
1.022695e+02
1.023695e+02
1.024695e+02
1.025696e+02
1.026695e+02
1.027696e+02
1.028697e+02
1.029697e+02
1.030697e+02
1.031699e+02
1.032697e+02
1.033697e+02
1.034695e+02
1.035700e+02
1.036701e+02
1.037698e+02
1.038699e+02
1.039827e+02
1.040700e+02
1.041698e+02
1.042700e+02
1.043701e+02
1.044703e+02
1.045701e+02
1.046702e+02
1.047703e+02
1.048702e+02
1.049705e+02
1.050704e+02
1.051705e+02
1.052703e+02
1.053704e+02
1.054702e+02
1.055704e+02
1.056704e+02
1.057704e+02
1.058704e+02
1.059704e+02
1.060705e+02
1.061705e+02
1.062705e+02
1.063706e+02
1.064706e+02
1.065707e+02
1.066706e+02
1.067706e+02
1.068707e+02
1.069707e+02
1.070707e+02
1.071709e+02
1.072709e+02
1.073708e+02
1.074709e+02
1.075746e+02
1.076708e+02
1.077826e+02
1.078713e+02
1.079709e+02
1.080710e+02
1.081710e+02
1.082711e+02
1.083713e+02
1.084711e+02
1.085712e+02
1.086712e+02
1.087712e+02
1.088713e+02
1.089713e+02
1.090714e+02
1.091714e+02
1.092714e+02
1.093715e+02
1.094716e+02
1.095715e+02
1.096715e+02
1.097718e+02
1.098716e+02
1.099716e+02
1.100716e+02
1.101717e+02
1.102720e+02
1.103719e+02
1.104719e+02
1.105718e+02
1.106720e+02
1.107719e+02
1.108720e+02
1.109720e+02
1.110720e+02
1.111719e+02
1.112720e+02
1.113720e+02
1.114720e+02
1.115721e+02
1.116723e+02
1.117722e+02
1.118722e+02
1.119723e+02
1.120723e+02
1.121724e+02
1.122724e+02
1.123724e+02
1.124724e+02
1.125724e+02
1.126723e+02
1.127725e+02
1.128824e+02
1.129724e+02
1.130725e+02
1.131725e+02
1.132725e+02
1.133727e+02
1.134727e+02
1.135727e+02
1.136727e+02
1.137728e+02
1.138727e+02
1.139856e+02
1.140726e+02
1.141727e+02
1.142731e+02
1.143732e+02
1.144729e+02
1.145729e+02
1.146730e+02
1.147730e+02
1.148730e+02
1.149736e+02
1.150731e+02
1.151734e+02
1.152730e+02
1.153732e+02
1.154732e+02
1.155732e+02
1.156734e+02
1.157733e+02
1.158733e+02
1.159733e+02
1.160744e+02
1.161735e+02
1.162737e+02
1.163735e+02
1.164735e+02
1.165735e+02
1.166738e+02
1.167740e+02
1.168737e+02
1.169746e+02
1.170738e+02
1.171737e+02
1.172740e+02
1.173748e+02
1.174740e+02
1.175738e+02
1.176738e+02
1.177744e+02
1.178742e+02
1.179740e+02
1.180741e+02
1.181743e+02
1.182741e+02
1.183741e+02
1.184741e+02
1.185742e+02
1.186745e+02
1.187742e+02
1.188865e+02
1.189744e+02
1.190742e+02
1.191758e+02
1.192747e+02
1.193744e+02
1.194744e+02
1.195745e+02
1.196744e+02
1.197745e+02
1.198746e+02
1.199747e+02
1.200756e+02
1.201746e+02
1.202755e+02
1.203747e+02
1.204747e+02
1.205758e+02
1.206759e+02
1.207748e+02
1.208751e+02
1.209756e+02
1.210747e+02
1.211748e+02
1.212756e+02
1.213749e+02
1.214749e+02
1.215753e+02
1.216756e+02
1.217751e+02
1.218751e+02
1.219756e+02
1.220755e+02
1.221755e+02
1.222753e+02
1.223753e+02
1.224755e+02
1.225755e+02
1.226758e+02
1.227764e+02
1.228755e+02
1.229753e+02
1.230754e+02
1.231754e+02
1.232755e+02
1.233755e+02
1.234755e+02
1.235757e+02
1.236756e+02
1.237763e+02
1.238757e+02
1.239757e+02
1.240783e+02
1.241757e+02
1.242758e+02
1.243758e+02
1.244758e+02
1.245758e+02
1.246759e+02
1.247759e+02
1.248761e+02
1.249761e+02
1.250759e+02
1.251760e+02
1.252761e+02
1.253762e+02
1.254761e+02
1.255767e+02
1.256761e+02
1.257762e+02
1.258762e+02
1.259764e+02
1.260763e+02
1.261765e+02
1.262764e+02
1.263764e+02
1.264765e+02
1.265765e+02
1.266765e+02
1.267832e+02
1.268766e+02
1.269766e+02
1.270767e+02
1.271766e+02
1.272767e+02
1.273767e+02
1.274768e+02
1.275769e+02
1.276766e+02
1.277768e+02
1.278767e+02
1.279767e+02
1.280769e+02
1.281770e+02
1.282773e+02
1.283771e+02
1.284772e+02
1.285771e+02
1.286770e+02
1.287772e+02
1.288771e+02
1.289772e+02
1.290772e+02
1.291772e+02
1.292773e+02
1.293772e+02
1.294773e+02
1.295774e+02
1.296774e+02
1.297774e+02
1.298775e+02
1.299775e+02
1.300775e+02
1.301776e+02
1.302775e+02
1.303775e+02
1.304777e+02
1.305866e+02
1.306775e+02
1.307776e+02
1.308778e+02
1.309781e+02
1.310779e+02
1.311780e+02
1.312780e+02
1.313779e+02
1.314779e+02
1.315781e+02
1.316780e+02
1.317781e+02
1.318782e+02
1.319780e+02
1.320781e+02
1.321781e+02
1.322781e+02
1.323782e+02
1.324784e+02
1.325785e+02
1.326781e+02
1.327782e+02
1.328785e+02
1.329782e+02
1.330783e+02
1.331781e+02
1.332788e+02
1.333785e+02
1.334786e+02
1.335916e+02
1.336784e+02
1.337785e+02
1.338785e+02
1.339790e+02
1.340786e+02
1.341787e+02
1.342788e+02
1.343786e+02
1.344787e+02
1.345787e+02
1.346792e+02
1.347788e+02
1.348789e+02
1.349790e+02
1.350789e+02
1.351790e+02
1.352791e+02
1.353793e+02
1.354791e+02
1.355792e+02
1.356792e+02
1.357792e+02
1.358794e+02
1.359793e+02
1.360795e+02
1.361793e+02
1.362793e+02
1.363793e+02
1.364794e+02
1.365795e+02
1.366795e+02
1.367796e+02
1.368795e+02
1.369830e+02
1.370794e+02
1.371797e+02
1.372796e+02
1.373796e+02
1.374797e+02
1.375798e+02
1.376797e+02
1.377797e+02
1.378797e+02
1.379799e+02
1.380798e+02
1.381800e+02
1.382798e+02
1.383799e+02
1.384798e+02
1.385801e+02
1.386903e+02
1.387799e+02
1.388799e+02
1.389800e+02
1.390801e+02
1.391800e+02
1.392803e+02
1.393802e+02
1.394803e+02
1.395803e+02
1.396805e+02
1.397802e+02
1.398805e+02
1.399804e+02
1.400865e+02
1.401803e+02
1.402804e+02
1.403805e+02
1.404805e+02
1.405807e+02
1.406805e+02
1.407805e+02
1.408807e+02
1.409810e+02
1.410806e+02
1.411806e+02
1.412807e+02
1.413808e+02
1.414808e+02
1.415814e+02
1.416820e+02
1.417814e+02
1.418809e+02
1.419809e+02
1.420809e+02
1.421809e+02
1.422810e+02
1.423810e+02
1.424818e+02
1.425810e+02
1.426811e+02
1.427812e+02
1.428812e+02
1.429812e+02
1.430863e+02
1.431813e+02
1.432811e+02
1.433822e+02
1.434813e+02
1.435814e+02
1.436822e+02
1.437824e+02
1.438814e+02
1.439814e+02
1.440828e+02
1.441823e+02
1.442824e+02
1.443815e+02
1.444824e+02
1.445818e+02
1.446817e+02
1.447818e+02
1.448818e+02
1.449817e+02
1.450827e+02
1.451818e+02
1.452818e+02
1.453819e+02
1.454819e+02
1.455823e+02
1.456819e+02
1.457825e+02
1.458833e+02
1.459830e+02
1.460822e+02
1.461822e+02
1.462822e+02
1.463823e+02
1.464826e+02
1.465824e+02
1.466825e+02
1.467824e+02
1.468824e+02
1.469829e+02
1.470828e+02
1.471823e+02
1.472828e+02
1.473826e+02
1.474825e+02
1.475827e+02
1.476825e+02
1.477865e+02
1.478825e+02
1.479826e+02
1.480835e+02
1.481828e+02
1.482828e+02
1.483828e+02
1.484831e+02
1.485842e+02
1.486837e+02
1.487830e+02
1.488830e+02
1.489830e+02
1.490839e+02
1.491831e+02
1.492829e+02
1.493830e+02
1.494836e+02
1.495832e+02
1.496832e+02
1.497832e+02
1.498832e+02
1.499833e+02
1.500845e+02
1.501834e+02
1.502833e+02
1.503834e+02
1.504835e+02
1.505842e+02
1.506835e+02
1.507839e+02
1.508835e+02
1.509835e+02
1.510836e+02
1.511837e+02
1.512845e+02
1.513838e+02
1.514838e+02
1.515838e+02
1.516837e+02
1.517837e+02
1.518837e+02
1.519839e+02
1.520838e+02
1.521839e+02
1.522839e+02
1.523839e+02
1.524838e+02
1.525845e+02
1.526840e+02
1.527840e+02
1.528840e+02
1.529840e+02
1.530843e+02
1.531842e+02
1.532842e+02
1.533842e+02
1.534842e+02
1.535842e+02
1.536841e+02
1.537844e+02
1.538845e+02
1.539844e+02
1.540845e+02
1.541845e+02
1.542848e+02
1.543845e+02
1.544846e+02
1.545849e+02
1.546846e+02
1.547846e+02
1.548850e+02
1.549848e+02
1.550849e+02
1.551848e+02
1.552848e+02
1.553848e+02
1.554849e+02
1.555848e+02
1.556852e+02
1.557865e+02
1.558848e+02
1.559850e+02
1.560850e+02
1.561851e+02
1.562850e+02
1.563850e+02
1.564851e+02
1.565859e+02
1.566852e+02
1.567852e+02
1.568853e+02
1.569852e+02
1.570854e+02
1.571852e+02
1.572853e+02
1.573854e+02
1.574854e+02
1.575989e+02
1.576854e+02
1.577854e+02
1.578857e+02
1.579855e+02
1.580856e+02
1.581856e+02
1.582858e+02
1.583857e+02
1.584856e+02
1.585857e+02
1.586857e+02
1.587857e+02
1.588858e+02
1.589857e+02
1.590858e+02
1.591858e+02
1.592859e+02
1.593859e+02
1.594858e+02
1.595870e+02
1.596863e+02
1.598067e+02
1.598862e+02
1.599863e+02
1.600869e+02
1.601862e+02
1.602863e+02
1.603864e+02
1.604877e+02
1.605864e+02
1.606864e+02
1.608866e+02
1.609868e+02
1.610866e+02
1.611867e+02
1.612864e+02
1.613866e+02
1.614867e+02
1.615868e+02
1.616868e+02
1.617872e+02
1.618869e+02
1.619867e+02
1.620867e+02
1.621874e+02
1.622872e+02
1.623872e+02
1.624870e+02
1.625870e+02
1.626869e+02
1.627873e+02
1.628872e+02
1.629874e+02
1.630874e+02
1.631875e+02
1.632872e+02
1.633872e+02
1.634875e+02
1.635874e+02
1.636876e+02
1.637876e+02
1.638874e+02
1.639876e+02
1.640874e+02
1.641877e+02
1.642877e+02
1.643878e+02
1.644878e+02
1.645875e+02
1.646878e+02
1.647875e+02
1.648882e+02
1.649877e+02
1.650877e+02
1.651881e+02
1.652883e+02
1.653884e+02
1.654880e+02
1.655881e+02
1.656879e+02
1.657882e+02
1.658882e+02
1.659884e+02
1.660885e+02
1.661881e+02
1.662883e+02
1.663883e+02
1.664883e+02
1.665883e+02
1.666884e+02
1.667887e+02
1.668882e+02
1.669882e+02
1.670882e+02
1.671885e+02
1.672884e+02
1.673885e+02
1.674884e+02
1.675892e+02
1.676883e+02
1.677892e+02
1.678889e+02
1.679884e+02
1.680895e+02
1.681886e+02
1.682884e+02
1.683891e+02
1.684890e+02
1.685887e+02
1.686886e+02
1.687886e+02
1.688906e+02
1.689887e+02
1.690891e+02
1.691888e+02
1.692890e+02
1.693894e+02
1.694892e+02
1.695906e+02
1.696897e+02
1.697891e+02
1.698891e+02
1.699896e+02
1.700891e+02
1.701899e+02
1.702899e+02
1.703895e+02
1.704902e+02
1.705893e+02
1.706900e+02
1.707893e+02
1.708895e+02
1.709906e+02
1.710903e+02
1.711894e+02
1.712903e+02
1.713896e+02
1.714896e+02
1.715896e+02
1.716908e+02
1.717904e+02
1.718897e+02
1.719897e+02
1.720901e+02
1.721901e+02
1.722900e+02
1.723907e+02
1.724903e+02
1.725896e+02
1.726899e+02
1.727908e+02
1.728910e+02
1.729900e+02
1.730904e+02
1.731905e+02
1.732900e+02
1.733903e+02
1.734909e+02
1.735903e+02
1.736901e+02
1.737909e+02
1.738905e+02
1.739911e+02
1.740904e+02
1.741905e+02
1.742904e+02
1.743904e+02
1.744905e+02
1.745914e+02
1.746906e+02
1.747912e+02
1.748908e+02
1.749906e+02
1.750905e+02
1.751913e+02
1.752906e+02
1.753907e+02
1.754911e+02
1.755906e+02
1.756906e+02
1.757907e+02
1.758910e+02
1.759907e+02
1.760911e+02
1.761910e+02
1.762909e+02
1.763908e+02
1.764910e+02
1.765909e+02
1.766909e+02
1.767910e+02
1.768913e+02
1.769912e+02
1.770911e+02
1.771911e+02
1.772914e+02
1.773911e+02
1.774912e+02
1.775910e+02
1.776912e+02
1.777913e+02
1.778913e+02
1.779912e+02
1.780913e+02
1.781914e+02
1.782916e+02
1.783914e+02
1.784915e+02
1.785917e+02
1.786915e+02
1.787918e+02
1.788916e+02
1.789916e+02
1.790916e+02
1.791918e+02
1.792917e+02
1.793917e+02
1.794919e+02
1.795918e+02
1.796921e+02
1.797919e+02
1.798921e+02
1.799919e+02
1.800920e+02
1.801919e+02
1.802921e+02
1.803921e+02
1.804922e+02
1.805921e+02
1.806921e+02
1.807922e+02
1.808924e+02
1.809923e+02
1.810924e+02
1.811923e+02
1.812924e+02
1.813924e+02
1.814925e+02
1.815924e+02
1.816925e+02
1.817925e+02
1.818925e+02
1.819925e+02
1.820926e+02
1.821926e+02
1.822926e+02
1.823927e+02
1.824926e+02
1.825927e+02
1.826928e+02
1.827928e+02
1.828970e+02
1.829927e+02
1.830931e+02
1.831930e+02
1.832930e+02
1.833931e+02
1.835106e+02
1.835929e+02
1.836930e+02
1.837931e+02
1.838931e+02
1.839932e+02
1.840932e+02
1.841931e+02
1.842932e+02
1.843931e+02
1.844933e+02
1.845932e+02
1.846932e+02
1.847933e+02
1.848934e+02
1.849934e+02
1.850934e+02
1.851936e+02
1.852934e+02
1.853934e+02
1.854935e+02
1.855938e+02
1.856936e+02
1.857936e+02
1.858938e+02
1.859936e+02
1.860938e+02
1.861936e+02
1.862939e+02
1.863938e+02
1.864938e+02
1.865951e+02
1.866938e+02
1.867938e+02
1.868939e+02
1.869939e+02
1.870940e+02
1.871940e+02
1.872941e+02
1.873941e+02
1.874942e+02
1.875945e+02
1.876944e+02
1.877942e+02
1.878943e+02
1.879943e+02
1.880943e+02
1.881945e+02
1.882944e+02
1.883944e+02
1.884945e+02
1.885945e+02
1.886944e+02
1.887945e+02
1.888945e+02
1.889947e+02
1.890947e+02
1.891947e+02
1.892947e+02
1.893948e+02
1.894947e+02
1.895948e+02
1.896947e+02
1.897947e+02
1.898948e+02
1.899948e+02
1.900950e+02
1.901949e+02
1.902949e+02
1.903952e+02
1.904953e+02
1.905952e+02
1.906953e+02
1.907953e+02
1.908953e+02
1.909953e+02
1.910957e+02
1.911956e+02
1.912956e+02
1.913952e+02
1.914957e+02
1.915952e+02
1.916953e+02
1.917956e+02
1.918955e+02
1.919955e+02
1.920956e+02
1.921959e+02
1.922955e+02
1.923956e+02
1.924956e+02
1.925958e+02
1.927018e+02
1.927955e+02
1.928958e+02
1.929958e+02
1.931065e+02
1.931965e+02
1.932965e+02
1.933961e+02
1.934960e+02
1.935971e+02
1.936965e+02
1.937960e+02
1.938969e+02
1.939961e+02
1.940962e+02
1.941963e+02
1.942961e+02
1.943961e+02
1.944962e+02
1.945974e+02
1.946963e+02
1.947971e+02
1.948964e+02
1.949964e+02
1.950964e+02
1.951965e+02
1.952964e+02
1.953965e+02
1.954964e+02
1.955965e+02
1.956966e+02
1.957967e+02
1.958972e+02
1.959972e+02
1.960968e+02
1.961968e+02
1.962968e+02
1.963969e+02
1.964969e+02
1.965968e+02
1.966967e+02
1.967973e+02
1.968971e+02
1.969980e+02
1.970987e+02
1.971974e+02
1.972976e+02
1.973973e+02
1.974977e+02
1.975974e+02
1.977185e+02
1.977970e+02
1.978971e+02
1.979972e+02
1.980976e+02
1.981974e+02
1.982973e+02
1.983974e+02
1.984974e+02
1.985974e+02
1.986974e+02
1.987976e+02
1.988975e+02
1.989975e+02
1.990976e+02
1.991978e+02
1.992981e+02
1.993977e+02
1.994977e+02
1.995977e+02
1.996978e+02
1.997979e+02
1.998978e+02
1.999978e+02
2.000979e+02
2.001983e+02
2.002985e+02
2.003988e+02
2.004980e+02
2.005981e+02
2.006980e+02
2.007981e+02
2.008981e+02
2.009981e+02
2.010984e+02
2.011982e+02
2.012982e+02
2.013985e+02
2.014991e+02
2.015984e+02
2.017026e+02
2.017982e+02
2.018985e+02
2.019985e+02
2.020985e+02
2.021985e+02
2.022986e+02
2.023986e+02
2.024988e+02
2.025990e+02
2.026986e+02
2.027986e+02
2.028987e+02
2.029986e+02
2.030988e+02
2.031987e+02
2.032987e+02
2.033988e+02
2.034988e+02
2.035990e+02
2.036992e+02
2.037990e+02
2.038988e+02
2.039992e+02
2.040991e+02
2.041988e+02
2.042991e+02
2.043995e+02
2.044994e+02
2.045993e+02
2.046994e+02
2.047996e+02
2.048995e+02
2.049994e+02
2.050997e+02
2.051992e+02
2.052994e+02
2.053994e+02
2.054994e+02
2.055995e+02
2.056995e+02
2.057996e+02
2.058996e+02
2.059997e+02
2.060995e+02
2.061995e+02
2.062996e+02
2.063999e+02
2.064997e+02
2.065997e+02
2.067006e+02
2.067999e+02
2.069000e+02
2.069999e+02
2.071002e+02
2.072000e+02
2.072999e+02
2.073999e+02
2.075000e+02
2.076129e+02
2.076998e+02
2.078003e+02
2.079004e+02
2.080005e+02
2.081005e+02
2.082006e+02
2.083004e+02
2.084005e+02
2.085004e+02
2.086016e+02
2.087007e+02
2.088006e+02
2.089005e+02
2.090006e+02
2.091007e+02
2.092007e+02
2.093011e+02
2.094006e+02
2.095008e+02
2.096012e+02
2.097009e+02
2.098008e+02
2.099010e+02
2.100009e+02
2.101010e+02
2.102009e+02
2.103011e+02
2.104014e+02
2.105066e+02
2.106015e+02
2.107014e+02
2.108015e+02
2.109015e+02
2.110014e+02
2.111012e+02
2.112011e+02
2.113014e+02
2.114014e+02
2.115014e+02
2.116019e+02
2.117011e+02
2.118012e+02
2.119013e+02
2.120012e+02
2.121023e+02
2.122013e+02
2.123014e+02
2.124016e+02
2.125017e+02
2.126030e+02
2.127017e+02
2.128015e+02
2.129024e+02
2.130016e+02
2.131016e+02
2.132016e+02
2.133019e+02
2.134017e+02
2.135021e+02
2.136018e+02
2.137020e+02
2.138020e+02
2.139027e+02
2.140020e+02
2.141022e+02
2.142023e+02
2.143022e+02
2.144022e+02
2.145023e+02
2.146024e+02
2.147023e+02
2.148025e+02
2.149025e+02
2.150019e+02
2.151021e+02
2.152024e+02
2.153022e+02
2.154022e+02
2.155023e+02
2.156025e+02
2.157024e+02
2.158025e+02
2.159026e+02
2.160032e+02
2.161029e+02
2.162026e+02
2.163027e+02
2.164025e+02
2.165026e+02
2.166026e+02
2.167027e+02
2.168026e+02
2.169028e+02
2.170031e+02
2.171040e+02
2.172029e+02
2.173030e+02
2.174030e+02
2.175030e+02
2.176034e+02
2.177030e+02
2.178027e+02
2.179031e+02
2.180031e+02
2.181037e+02
2.182036e+02
2.183267e+02
2.184031e+02
2.185035e+02
2.186033e+02
2.187034e+02
2.188037e+02
2.189035e+02
2.190036e+02
2.191035e+02
2.192035e+02
2.193038e+02
2.194034e+02
2.195034e+02
2.196035e+02
2.197035e+02
2.198036e+02
2.199034e+02
2.200035e+02
2.201037e+02
2.202037e+02
2.203037e+02
2.204227e+02
2.205038e+02
2.206036e+02
2.207039e+02
2.208039e+02
2.209039e+02
2.210040e+02
2.211039e+02
2.212040e+02
2.213041e+02
2.214044e+02
2.215042e+02
2.216041e+02
2.217040e+02
2.218040e+02
2.219040e+02
2.220041e+02
2.221041e+02
2.222042e+02
2.223043e+02
2.224043e+02
2.225044e+02
2.226045e+02
2.227058e+02
2.228044e+02
2.229044e+02
2.230044e+02
2.231046e+02
2.232044e+02
2.233046e+02
2.234047e+02
2.235047e+02
2.236048e+02
2.237047e+02
2.238052e+02
2.239048e+02
2.240047e+02
2.241048e+02
2.242048e+02
2.243049e+02
2.244050e+02
2.245050e+02
2.246052e+02
2.247052e+02
2.248052e+02
2.249057e+02
2.250051e+02
2.251051e+02
2.252052e+02
2.253052e+02
2.254051e+02
2.255052e+02
2.256053e+02
2.257053e+02
2.258053e+02
2.259055e+02
2.260057e+02
2.261056e+02
2.262054e+02
2.263055e+02
2.264055e+02
2.265055e+02
2.266055e+02
2.267056e+02
2.268057e+02
2.269062e+02
2.270059e+02
2.271061e+02
2.272057e+02
2.273056e+02
2.274057e+02
2.275059e+02
2.276059e+02
2.277061e+02
2.278061e+02
2.279061e+02
2.280059e+02
2.281058e+02
2.282068e+02
2.283063e+02
2.284058e+02
2.285059e+02
2.286063e+02
2.287061e+02
2.288062e+02
2.289066e+02
2.290063e+02
2.291064e+02
2.292063e+02
2.293066e+02
2.294067e+02
2.295063e+02
2.296064e+02
2.297064e+02
2.298065e+02
2.299064e+02
2.300066e+02
2.301065e+02
2.302066e+02
2.303068e+02
2.304070e+02
2.305067e+02
2.306066e+02
2.307067e+02
2.308068e+02
2.309068e+02
2.310069e+02
2.311069e+02
2.312070e+02
2.313071e+02
2.314070e+02
2.315072e+02
2.316072e+02
2.317071e+02
2.318071e+02
2.319070e+02
2.320073e+02
2.321071e+02
2.322073e+02
2.323073e+02
2.324072e+02
2.325076e+02
2.326076e+02
2.327090e+02
2.328073e+02
2.329074e+02
2.330074e+02
2.331074e+02
2.332074e+02
2.333076e+02
2.334076e+02
2.335076e+02
2.336077e+02
2.337077e+02
2.338081e+02
2.339078e+02
2.340078e+02
2.341078e+02
2.342079e+02
2.343078e+02
2.344075e+02
2.345078e+02
2.346079e+02
2.347079e+02
2.348085e+02
2.349086e+02
2.350080e+02
2.351082e+02
2.352082e+02
2.353081e+02
2.354081e+02
2.355082e+02
2.356083e+02
2.357226e+02
2.358085e+02
2.359086e+02
2.360086e+02
2.361084e+02
2.362083e+02
2.363084e+02
2.364090e+02
2.365084e+02
2.366086e+02
2.367085e+02
2.368087e+02
2.369085e+02
2.370090e+02
2.371093e+02
2.372089e+02
2.373088e+02
2.374086e+02
2.375088e+02
2.376087e+02
2.377091e+02
2.378092e+02
2.379092e+02
2.380092e+02
2.381090e+02
2.382096e+02
2.383089e+02
2.384092e+02
2.385091e+02
2.386092e+02
2.387092e+02
2.388091e+02
2.389094e+02
2.390096e+02
2.391097e+02
2.392096e+02
2.393096e+02
2.394098e+02
2.395094e+02
2.396094e+02
2.397096e+02
2.398182e+02
2.399095e+02
2.400096e+02
2.401097e+02
2.402096e+02
2.403100e+02
2.404098e+02
2.405102e+02
2.406094e+02
2.407095e+02
2.408097e+02
2.409096e+02
2.410097e+02
2.411100e+02
2.412100e+02
2.413098e+02
2.414100e+02
2.415100e+02
2.416206e+02
2.417099e+02
2.418102e+02
2.419117e+02
2.420104e+02
2.421102e+02
2.422105e+02
2.423104e+02
2.424106e+02
2.425146e+02
2.426102e+02
2.427115e+02
2.428104e+02
2.429115e+02
2.430105e+02
2.431104e+02
2.432105e+02
2.433105e+02
2.434106e+02
2.435105e+02
2.436107e+02
2.437106e+02
2.438111e+02
2.439106e+02
2.440107e+02
2.441108e+02
2.442109e+02
2.443109e+02
2.444108e+02
2.445106e+02
2.446108e+02
2.447117e+02
2.448111e+02
2.449112e+02
2.450109e+02
2.451109e+02
2.452134e+02
2.453112e+02
2.454110e+02
2.455111e+02
2.456111e+02
2.457114e+02
2.458113e+02
2.459115e+02
2.460115e+02
2.461112e+02
2.462133e+02
2.463113e+02
2.464122e+02
2.465113e+02
2.466113e+02
2.467114e+02
2.468118e+02
2.469122e+02
2.470123e+02
2.471118e+02
2.472114e+02
2.473122e+02
2.474115e+02
2.475133e+02
2.476130e+02
2.477116e+02
2.478126e+02
2.479118e+02
2.480125e+02
2.481127e+02
2.482132e+02
2.483119e+02
2.484118e+02
2.485291e+02
2.486119e+02
2.487128e+02
2.488134e+02
2.489123e+02
2.490126e+02
2.491125e+02
2.492128e+02
2.493125e+02
2.494133e+02
2.495124e+02
2.496145e+02
2.497124e+02
2.498123e+02
2.499126e+02
2.500123e+02
2.501123e+02
2.502126e+02
2.503133e+02
2.504137e+02
2.505126e+02
2.506124e+02
2.507125e+02
2.508130e+02
2.509129e+02
2.510126e+02
2.511127e+02
2.512128e+02
2.513134e+02
2.514127e+02
2.515135e+02
2.516144e+02
2.517131e+02
2.518128e+02
2.519128e+02
2.520129e+02
2.521130e+02
2.522134e+02
2.523131e+02
2.524130e+02
2.525135e+02
2.526131e+02
2.527134e+02
2.528131e+02
2.529131e+02
2.530136e+02
2.531132e+02
2.532132e+02
2.533133e+02
2.534134e+02
2.535133e+02
2.536134e+02
2.537136e+02
2.538141e+02
2.539133e+02
2.540133e+02
2.541134e+02
2.542137e+02
2.543137e+02
2.544135e+02
2.545137e+02
2.546137e+02
2.547138e+02
2.548139e+02
2.549138e+02
2.550136e+02
2.551139e+02
2.552138e+02
2.553139e+02
2.554139e+02
2.555143e+02
2.556142e+02
2.557139e+02
2.558140e+02
2.559143e+02
2.560147e+02
2.561141e+02
2.562142e+02
2.563142e+02
2.564143e+02
2.565143e+02
2.566143e+02
2.567185e+02
2.568143e+02
2.569144e+02
2.570147e+02
2.571148e+02
2.572146e+02
2.573146e+02
2.574267e+02
2.575144e+02
2.576147e+02
2.577148e+02
2.578148e+02
2.579150e+02
2.580147e+02
2.581147e+02
2.582152e+02
2.583149e+02
2.584147e+02
2.585147e+02
2.586148e+02
2.587149e+02
2.588148e+02
2.589149e+02
2.590151e+02
2.591152e+02
2.592150e+02
2.593155e+02
2.594151e+02
2.595152e+02
2.596153e+02
2.597152e+02
2.598153e+02
2.599152e+02
2.600154e+02
2.601153e+02
2.602153e+02
2.603154e+02
2.604155e+02
2.605229e+02
2.606151e+02
2.607161e+02
2.608158e+02
2.609159e+02
2.610153e+02
2.611159e+02
2.612157e+02
2.613160e+02
2.614154e+02
2.615161e+02
2.616160e+02
2.617159e+02
2.618158e+02
2.619160e+02
2.620163e+02
2.621159e+02
2.622159e+02
2.623159e+02
2.624161e+02
2.625164e+02
2.626161e+02
2.627166e+02
2.628162e+02
2.629162e+02
2.630162e+02
2.631160e+02
2.632163e+02
2.633163e+02
2.634164e+02
2.635163e+02
2.636172e+02
2.637167e+02
2.638170e+02
2.639165e+02
2.640165e+02
2.641163e+02
2.642164e+02
2.643164e+02
2.644165e+02
2.645166e+02
2.646169e+02
2.647170e+02
2.648167e+02
2.649173e+02
2.650167e+02
2.651166e+02
2.652167e+02
2.653167e+02
2.654168e+02
2.655168e+02
2.656169e+02
2.657168e+02
2.658169e+02
2.659171e+02
2.660174e+02
2.661170e+02
2.662169e+02
2.663170e+02
2.664171e+02
2.665171e+02
2.666187e+02
2.667173e+02
2.668174e+02
2.669173e+02
2.670174e+02
2.671175e+02
2.672176e+02
2.673174e+02
2.674174e+02
2.675174e+02
2.676176e+02
2.677175e+02
2.678177e+02
2.679188e+02
2.680173e+02
2.681189e+02
2.682178e+02
2.683182e+02
2.684180e+02
2.685186e+02
2.686186e+02
2.687181e+02
2.688179e+02
2.689181e+02
2.690179e+02
2.691183e+02
2.692179e+02
2.693180e+02
2.694181e+02
2.695180e+02
2.696179e+02
2.697180e+02
2.698179e+02
2.699181e+02
2.700180e+02
2.701183e+02
2.702182e+02
2.703182e+02
2.704183e+02
2.705183e+02
2.706191e+02
2.707183e+02
2.708183e+02
2.709184e+02
2.710184e+02
2.711187e+02
2.712185e+02
2.713185e+02
2.714186e+02
2.715186e+02
2.716199e+02
2.717185e+02
2.718186e+02
2.719186e+02
2.720188e+02
2.721199e+02
2.722188e+02
2.723188e+02
2.724189e+02
2.725190e+02
2.726192e+02
2.727197e+02
2.728190e+02
2.729190e+02
2.730192e+02
2.731191e+02
2.732191e+02
2.733197e+02
2.734191e+02
2.735505e+02
2.736192e+02
2.737193e+02
2.738198e+02
2.739195e+02
2.740193e+02
2.741195e+02
2.742193e+02
2.743196e+02
2.744194e+02
2.745195e+02
2.746197e+02
2.747196e+02
2.748194e+02
2.749199e+02
2.750196e+02
2.751196e+02
2.752197e+02
2.753196e+02
2.754197e+02
2.755196e+02
2.756197e+02
2.757198e+02
2.758200e+02
2.759199e+02
2.760201e+02
2.761199e+02
2.762199e+02
2.763200e+02
2.764200e+02
2.765200e+02
2.766201e+02
2.767201e+02
2.768202e+02
2.769202e+02
2.770200e+02
2.771212e+02
2.772219e+02
2.773203e+02
2.774205e+02
2.775204e+02
2.776204e+02
2.777204e+02
2.778204e+02
2.779204e+02
2.780205e+02
2.781206e+02
2.782206e+02
2.783208e+02
2.784205e+02
2.785205e+02
2.786206e+02
2.787207e+02
2.788207e+02
2.789207e+02
2.790208e+02
2.791208e+02
2.792208e+02
2.793213e+02
2.794207e+02
2.795209e+02
2.796208e+02
2.797208e+02
2.798209e+02
2.799210e+02
2.800209e+02
2.801211e+02
2.802211e+02
2.803212e+02
2.804212e+02
2.805217e+02
2.806211e+02
2.807211e+02
2.808213e+02
2.809213e+02
2.810212e+02
2.811213e+02
2.812213e+02
2.813214e+02
2.814214e+02
2.815216e+02
2.816219e+02
2.817214e+02
2.818215e+02
2.819215e+02
2.820216e+02
2.821215e+02
2.822218e+02
2.823217e+02
2.824220e+02
2.825218e+02
2.826220e+02
2.827224e+02
2.828218e+02
2.829219e+02
2.830219e+02
2.831219e+02
2.832220e+02
2.833219e+02
2.834220e+02
2.835221e+02
2.836222e+02
2.837225e+02
2.838226e+02
2.839223e+02
2.840222e+02
2.841222e+02
2.842223e+02
2.843224e+02
2.844224e+02
2.845225e+02
2.846226e+02
2.847226e+02
2.848225e+02
2.849228e+02
2.850226e+02
2.851226e+02
2.852226e+02
2.853225e+02
2.854226e+02
2.855226e+02
2.856224e+02
2.857227e+02
2.858227e+02
2.859227e+02
2.860229e+02
2.861227e+02
2.862228e+02
2.863226e+02
2.864232e+02
2.865230e+02
2.866231e+02
2.867232e+02
2.868231e+02
2.869231e+02
2.870234e+02
2.871233e+02
2.872231e+02
2.873232e+02
2.874232e+02
2.875233e+02
2.876233e+02
2.877232e+02
2.878234e+02
2.879234e+02
2.880234e+02
2.881235e+02
2.882236e+02
2.883235e+02
2.884235e+02
2.885236e+02
2.886236e+02
2.887237e+02
2.888236e+02
2.889237e+02
2.890238e+02
2.891238e+02
2.892238e+02
2.893241e+02
2.894238e+02
2.895238e+02
2.896239e+02
2.897250e+02
2.898240e+02
2.899240e+02
2.900241e+02
2.901243e+02
2.902242e+02
2.903242e+02
2.904243e+02
2.905243e+02
2.906242e+02
2.907241e+02
2.908241e+02
2.909242e+02
2.910243e+02
2.911243e+02
2.912243e+02
2.913243e+02
2.914245e+02
2.915245e+02
2.916244e+02
2.917247e+02
2.918245e+02
2.919248e+02
2.920247e+02
2.921246e+02
2.922246e+02
2.923247e+02
2.924247e+02
2.925248e+02
2.926251e+02
2.927247e+02
2.928247e+02
2.929248e+02
2.930249e+02
2.931249e+02
2.932249e+02
2.933249e+02
2.934248e+02
2.935252e+02
2.936256e+02
2.937255e+02
2.938253e+02
2.939254e+02
2.940253e+02
2.941256e+02
2.942254e+02
2.943254e+02
2.944255e+02
2.945255e+02
2.946260e+02
2.947255e+02
2.948259e+02
2.949256e+02
2.950251e+02
2.951252e+02
2.952254e+02
2.953253e+02
2.954255e+02
2.955255e+02
2.956255e+02
2.957256e+02
2.958256e+02
2.959257e+02
2.960256e+02
2.961257e+02
2.962256e+02
2.963257e+02
2.964257e+02
2.965257e+02
2.966259e+02
2.967258e+02
2.968259e+02
2.969260e+02
2.970260e+02
2.971259e+02
2.972259e+02
2.973261e+02
2.974261e+02
2.975261e+02
2.976262e+02
2.977260e+02
2.978261e+02
2.979266e+02
2.980263e+02
2.981263e+02
2.982264e+02
2.983263e+02
2.984265e+02
2.985265e+02
2.986264e+02
2.987264e+02
2.988265e+02
2.989265e+02
2.990267e+02
2.991265e+02
2.992268e+02
2.993268e+02
2.994267e+02
2.995306e+02
2.996265e+02
2.997265e+02
2.998268e+02
2.999268e+02
3.000268e+02
3.001268e+02
3.002269e+02
3.003270e+02
3.004269e+02
3.005270e+02
3.006270e+02
3.007270e+02
3.008270e+02
3.009270e+02
3.010270e+02
3.011271e+02
3.012272e+02
3.013276e+02
3.014276e+02
3.015276e+02
3.016277e+02
3.017277e+02
3.018278e+02
3.019277e+02
3.020285e+02
3.021278e+02
3.022278e+02
3.023282e+02
3.024280e+02
3.025279e+02
3.026278e+02
3.027280e+02
3.028281e+02
3.029280e+02
3.030277e+02
3.031276e+02
3.032279e+02
3.033467e+02
3.034278e+02
3.035282e+02
3.036282e+02
3.037283e+02
3.038281e+02
3.039282e+02
3.040285e+02
3.041279e+02
3.042279e+02
3.043280e+02
3.044284e+02
3.045281e+02
3.046282e+02
3.047283e+02
3.048281e+02
3.049283e+02
3.050284e+02
3.051284e+02
3.052285e+02
3.053284e+02
3.054285e+02
3.055285e+02
3.056286e+02
3.057286e+02
3.058287e+02
3.059287e+02
3.060287e+02
3.061287e+02
3.062287e+02
3.063288e+02
3.064288e+02
3.065288e+02
3.066290e+02
3.067289e+02
3.068290e+02
3.069289e+02
3.070293e+02
3.071290e+02
3.072293e+02
3.073290e+02
3.074290e+02
3.075290e+02
3.076291e+02
3.077290e+02
3.078291e+02
3.079292e+02
3.080292e+02
3.081291e+02
3.082291e+02
3.083292e+02
3.084293e+02
3.085294e+02
3.086293e+02
3.087293e+02
3.088295e+02
3.089346e+02
3.090293e+02
3.091295e+02
3.092294e+02
3.093296e+02
3.094293e+02
3.095296e+02
3.096297e+02
3.097296e+02
3.098296e+02
3.099296e+02
3.100297e+02
3.101298e+02
3.102297e+02
3.103298e+02
3.104298e+02
3.105298e+02
3.106298e+02
3.107299e+02
3.108299e+02
3.109300e+02
3.110300e+02
3.111303e+02
3.112302e+02
3.113305e+02
3.114301e+02
3.115303e+02
3.116313e+02
3.117304e+02
3.118304e+02
3.119304e+02
3.120307e+02
3.121304e+02
3.122306e+02
3.123307e+02
3.124307e+02
3.125306e+02
3.126308e+02
3.127308e+02
3.128306e+02
3.129309e+02
3.130311e+02
3.131310e+02
3.132308e+02
3.133308e+02
3.134310e+02
3.135307e+02
3.136309e+02
3.137312e+02
3.138314e+02
3.139313e+02
3.140315e+02
3.141314e+02
3.142309e+02
3.143314e+02
3.144313e+02
3.145315e+02
3.146314e+02
3.147313e+02
3.148313e+02
3.149311e+02
3.150314e+02
3.151311e+02
3.152314e+02
3.153315e+02
3.154315e+02
3.155314e+02
3.156313e+02
3.157316e+02
3.158317e+02
3.159315e+02
3.160316e+02
3.161315e+02
3.162315e+02
3.163318e+02
3.164316e+02
3.165319e+02
3.166316e+02
3.167320e+02
3.168319e+02
3.169318e+02
3.170319e+02
3.171318e+02
3.172318e+02
3.173326e+02
3.174318e+02
3.175319e+02
3.176318e+02
3.177319e+02
3.178324e+02
3.179323e+02
3.180322e+02
3.181322e+02
3.182320e+02
3.183324e+02
3.184321e+02
3.185323e+02
3.186325e+02
3.187324e+02
3.188324e+02
3.189323e+02
3.190551e+02
3.191321e+02
3.192326e+02
3.193324e+02
3.194334e+02
3.195505e+02
3.196325e+02
3.197329e+02
3.198330e+02
3.199342e+02
3.200328e+02
3.201332e+02
3.202330e+02
3.203332e+02
3.204331e+02
3.205326e+02
3.206329e+02
3.207336e+02
3.208330e+02
3.209328e+02
3.210331e+02
3.211335e+02
3.212331e+02
3.213334e+02
3.214332e+02
3.215330e+02
3.216331e+02
3.217331e+02
3.218333e+02
3.219333e+02
3.220332e+02
3.221340e+02
3.222332e+02
3.223335e+02
3.224338e+02
3.225333e+02
3.226334e+02
3.227337e+02
3.228334e+02
3.229342e+02
3.230340e+02
3.231337e+02
3.232339e+02
3.233336e+02
3.234346e+02
3.235337e+02
3.236343e+02
3.237338e+02
3.238347e+02
3.239341e+02
3.240338e+02
3.241348e+02
3.242340e+02
3.243340e+02
3.244345e+02
3.245346e+02
3.246357e+02
3.247339e+02
3.248346e+02
3.249349e+02
3.250340e+02
3.251351e+02
3.252345e+02
3.253353e+02
3.254342e+02
3.255342e+02
3.256355e+02
3.257346e+02
3.258349e+02
3.259344e+02
3.260352e+02
3.261343e+02
3.262349e+02
3.263351e+02
3.264345e+02
3.265353e+02
3.266346e+02
3.267352e+02
3.268354e+02
3.269353e+02
3.270354e+02
3.271353e+02
3.272353e+02
3.273353e+02
3.274348e+02
3.275346e+02
3.276354e+02
3.277356e+02
3.278358e+02
3.279349e+02
3.280351e+02
3.281350e+02
3.282351e+02
3.283353e+02
3.284355e+02
3.285351e+02
3.286352e+02
3.287349e+02
3.288363e+02
3.289358e+02
3.290357e+02
3.291360e+02
3.292355e+02
3.293358e+02
3.294358e+02
3.295363e+02
3.296356e+02
3.297356e+02
3.298359e+02
3.299364e+02
3.300359e+02
3.301368e+02
3.302363e+02
3.303356e+02
3.304356e+02
3.305360e+02
3.306358e+02
3.307357e+02
3.308358e+02
3.309359e+02
3.310360e+02
3.311358e+02
3.312358e+02
3.313362e+02
3.314359e+02
3.315359e+02
3.316360e+02
3.317364e+02
3.318360e+02
3.319361e+02
3.320362e+02
3.321361e+02
3.322361e+02
3.323362e+02
3.324361e+02
3.325361e+02
3.326363e+02
3.327363e+02
3.328383e+02
3.329361e+02
3.330366e+02
3.331365e+02
3.332364e+02
3.333365e+02
3.334364e+02
3.335366e+02
3.336365e+02
3.337365e+02
3.338365e+02
3.339366e+02
3.340368e+02
3.341366e+02
3.342367e+02
3.343367e+02
3.344368e+02
3.345369e+02
3.346367e+02
3.347504e+02
3.348367e+02
3.349368e+02
3.350370e+02
3.351368e+02
3.352370e+02
3.353370e+02
3.354370e+02
3.355370e+02
3.356368e+02
3.357371e+02
3.358376e+02
3.359372e+02
3.360372e+02
3.361373e+02
3.362374e+02
3.363372e+02
3.364375e+02
3.365373e+02
3.366372e+02
3.367375e+02
3.368374e+02
3.369377e+02
3.370490e+02
3.371374e+02
3.372378e+02
3.373379e+02
3.374378e+02
3.375380e+02
3.376380e+02
3.377380e+02
3.378381e+02
3.379467e+02
3.380377e+02
3.381378e+02
3.382379e+02
3.383380e+02
3.384379e+02
3.385379e+02
3.386381e+02
3.387380e+02
3.388380e+02
3.389380e+02
3.390380e+02
3.391380e+02
3.392381e+02
3.393382e+02
3.394383e+02
3.395383e+02
3.396382e+02
3.397383e+02
3.398383e+02
3.399382e+02
3.400383e+02
3.401384e+02
3.402384e+02
3.403500e+02
3.404382e+02
3.405390e+02
3.406394e+02
3.407393e+02
3.408390e+02
3.409392e+02
3.410385e+02
3.411385e+02
3.412387e+02
3.413387e+02
3.414387e+02
3.415389e+02
3.416387e+02
3.417400e+02
3.418391e+02
3.419389e+02
3.420391e+02
3.421389e+02
3.422390e+02
3.423393e+02
3.424390e+02
3.425391e+02
3.426391e+02
3.427391e+02
3.428397e+02
3.429394e+02
3.430399e+02
3.431392e+02
3.432392e+02
3.433392e+02
3.434393e+02
3.435393e+02
3.436393e+02
3.437394e+02
3.438394e+02
3.439399e+02
3.440399e+02
3.441395e+02
3.442402e+02
3.443401e+02
3.444532e+02
3.445394e+02
3.446398e+02
3.447401e+02
3.448398e+02
3.449399e+02
3.450404e+02
3.451403e+02
3.452400e+02
3.453400e+02
3.454400e+02
3.455398e+02
3.456402e+02
3.457398e+02
3.458402e+02
3.459402e+02
3.460403e+02
3.461406e+02
3.462407e+02
3.463404e+02
3.464404e+02
3.465465e+02
3.466401e+02
3.467402e+02
3.468402e+02
3.469405e+02
3.470403e+02
3.471405e+02
3.472408e+02
3.473408e+02
3.474425e+02
3.475404e+02
3.476403e+02
3.477409e+02
3.478409e+02
3.479408e+02
3.480409e+02
3.481409e+02
3.482406e+02
3.483409e+02
3.484412e+02
3.485411e+02
3.486409e+02
3.487408e+02
3.488410e+02
3.489409e+02
3.490409e+02
3.491412e+02
3.492465e+02
3.493408e+02
3.494414e+02
3.495413e+02
3.496416e+02
3.497413e+02
3.498413e+02
3.499413e+02
3.500414e+02
3.501414e+02
3.502414e+02
3.503414e+02
3.504414e+02
3.505415e+02
3.506418e+02
3.507430e+02
3.508416e+02
3.509421e+02
3.510415e+02
3.511417e+02
3.512417e+02
3.513417e+02
3.514417e+02
3.515417e+02
3.516419e+02
3.517420e+02
3.518422e+02
3.519419e+02
3.520420e+02
3.521419e+02
3.522421e+02
3.523420e+02
3.524423e+02
3.525421e+02
3.526422e+02
3.527424e+02
3.528423e+02
3.529429e+02
3.530423e+02
3.531423e+02
3.532423e+02
3.533423e+02
3.534424e+02
3.535424e+02
3.536425e+02
3.537424e+02
3.538427e+02
3.539427e+02
3.540432e+02
3.541424e+02
3.542423e+02
3.543425e+02
3.544426e+02
3.545425e+02
3.546426e+02
3.547427e+02
3.548426e+02
3.549428e+02
3.550427e+02
3.551432e+02
3.552428e+02
3.553428e+02
3.554427e+02
3.555428e+02
3.556429e+02
3.557428e+02
3.558429e+02
3.559430e+02
3.560432e+02
3.561432e+02
3.562432e+02
3.563452e+02
3.564433e+02
3.565432e+02
3.566432e+02
3.567431e+02
3.568547e+02
3.569432e+02
3.570432e+02
3.571433e+02
3.572436e+02
3.573443e+02
3.574433e+02
3.575437e+02
3.576435e+02
3.577436e+02
3.578434e+02
3.579440e+02
3.580437e+02
3.581438e+02
3.582438e+02
3.583438e+02
3.584442e+02
3.585441e+02
3.586440e+02
3.587441e+02
3.588440e+02
3.589440e+02
3.590440e+02
3.591440e+02
3.592441e+02
3.593447e+02
3.594442e+02
3.595442e+02
3.596443e+02
3.597442e+02
3.598442e+02
3.599443e+02
3.600440e+02
3.601443e+02
3.602443e+02
3.603443e+02
3.604445e+02
3.605446e+02
3.606447e+02
3.607448e+02
3.608450e+02
3.609449e+02
3.610450e+02
3.611453e+02
3.612449e+02
3.613772e+02
3.614445e+02
3.615448e+02
3.616447e+02
3.617448e+02
3.618447e+02
3.619446e+02
3.620448e+02
3.621447e+02
3.622448e+02
3.623447e+02
3.624447e+02
3.625448e+02
3.626449e+02
3.627450e+02
3.628454e+02
3.629459e+02
3.630450e+02
3.631450e+02
3.632451e+02
3.633451e+02
3.634451e+02
3.635454e+02
3.636452e+02
3.637452e+02
3.638453e+02
3.639455e+02
3.640454e+02
3.641453e+02
3.642453e+02
3.643454e+02
3.644454e+02
3.645456e+02
3.646456e+02
3.647455e+02
3.648458e+02
3.649456e+02
3.650459e+02
3.651461e+02
3.652458e+02
3.653456e+02
3.654457e+02
3.655458e+02
3.656458e+02
3.657458e+02
3.658458e+02
3.659460e+02
3.660461e+02
3.661460e+02
3.662463e+02
3.663463e+02
3.664460e+02
3.665461e+02
3.666460e+02
3.667466e+02
3.668466e+02
3.669463e+02
3.670461e+02
3.671463e+02
3.672465e+02
3.673471e+02
3.674466e+02
3.675463e+02
3.676464e+02
3.677464e+02
3.678466e+02
3.679465e+02
3.680466e+02
3.681466e+02
3.682467e+02
3.683470e+02
3.684467e+02
3.685466e+02
3.686514e+02
3.687466e+02
3.688467e+02
3.689466e+02
3.690468e+02
3.691468e+02
3.692469e+02
3.693472e+02
3.694473e+02
3.695470e+02
3.696468e+02
3.697469e+02
3.698470e+02
3.699469e+02
3.700473e+02
3.701472e+02
3.702474e+02
3.703478e+02
3.704474e+02
3.705474e+02
3.706476e+02
3.707498e+02
3.708476e+02
3.709475e+02
3.710476e+02
3.711478e+02
3.712476e+02
3.713477e+02
3.714478e+02
3.715477e+02
3.716477e+02
3.717479e+02
3.718482e+02
3.719475e+02
3.720474e+02
3.721478e+02
3.722479e+02
3.723479e+02
3.724584e+02
3.725476e+02
3.726480e+02
3.727481e+02
3.728480e+02
3.729490e+02
3.730483e+02
3.731478e+02
3.732481e+02
3.733483e+02
3.734481e+02
3.735481e+02
3.736482e+02
3.737482e+02
3.738497e+02
3.739483e+02
3.740487e+02
3.741483e+02
3.742483e+02
3.743486e+02
3.744484e+02
3.745481e+02
3.746484e+02
3.747485e+02
3.748485e+02
3.749485e+02
3.750487e+02
3.751485e+02
3.752492e+02
3.753497e+02
3.754491e+02
3.755490e+02
3.756491e+02
3.757492e+02
3.758493e+02
3.759488e+02
3.760491e+02
3.761488e+02
3.762493e+02
3.763493e+02
3.764492e+02
3.765491e+02
3.766490e+02
3.767491e+02
3.768492e+02
3.769491e+02
3.770492e+02
3.771665e+02
3.772525e+02
3.773501e+02
3.774496e+02
3.775496e+02
3.776496e+02
3.777496e+02
3.778498e+02
3.779499e+02
3.780498e+02
3.781499e+02
3.782496e+02
3.783506e+02
3.784502e+02
3.785524e+02
3.786498e+02
3.787499e+02
3.788506e+02
3.789499e+02
3.790496e+02
3.791497e+02
3.792498e+02
3.793497e+02
3.794498e+02
3.795499e+02
3.796499e+02
3.797498e+02
3.798499e+02
3.799500e+02
3.800500e+02
3.801708e+02
3.802499e+02
3.803500e+02
3.804502e+02
3.805503e+02
3.806509e+02
3.807503e+02
3.808504e+02
3.809506e+02
3.810546e+02
3.811501e+02
3.812505e+02
3.813508e+02
3.814505e+02
3.815507e+02
3.816506e+02
3.817506e+02
3.818517e+02
3.819505e+02
3.820505e+02
3.821509e+02
3.822509e+02
3.823509e+02
3.824510e+02
3.825510e+02
3.826512e+02
3.827511e+02
3.828513e+02
3.829512e+02
3.830512e+02
3.831513e+02
3.832512e+02
3.833517e+02
3.834512e+02
3.835514e+02
3.836514e+02
3.837514e+02
3.838513e+02
3.839519e+02
3.840514e+02
3.841512e+02
3.842513e+02
3.843514e+02
3.844516e+02
3.845515e+02
3.846517e+02
3.847516e+02
3.848516e+02
3.849517e+02
3.850518e+02
3.851517e+02
3.852515e+02
3.853515e+02
3.854516e+02
3.855516e+02
3.856518e+02
3.857518e+02
3.858517e+02
3.859518e+02
3.860519e+02
3.861521e+02
3.862523e+02
3.863519e+02
3.864525e+02
3.865519e+02
3.866519e+02
3.867519e+02
3.868519e+02
3.869527e+02
3.870522e+02
3.871525e+02
3.872532e+02
3.873522e+02
3.874524e+02
3.875524e+02
3.876526e+02
3.877525e+02
3.878528e+02
3.879529e+02
3.880526e+02
3.881527e+02
3.882546e+02
3.883527e+02
3.884531e+02
3.885528e+02
3.886526e+02
3.887525e+02
3.888528e+02
3.889526e+02
3.890529e+02
3.891532e+02
3.892531e+02
3.893534e+02
3.894528e+02
3.895531e+02
3.896528e+02
3.897531e+02
3.898534e+02
3.899532e+02
3.900533e+02
3.901534e+02
3.902538e+02
3.903528e+02
3.904532e+02
3.905535e+02
3.906551e+02
3.907540e+02
3.908536e+02
3.909559e+02
3.910535e+02
3.911540e+02
3.912540e+02
3.913535e+02
3.914537e+02
3.915536e+02
3.916536e+02
3.917534e+02
3.918553e+02
3.919534e+02
3.920534e+02
3.921535e+02
3.922535e+02
3.923535e+02
3.924535e+02
3.925540e+02
3.926538e+02
3.927538e+02
3.928538e+02
3.929540e+02
3.930537e+02
3.931538e+02
3.932539e+02
3.933540e+02
3.934539e+02
3.935538e+02
3.936543e+02
3.937543e+02
3.938540e+02
3.939547e+02
3.940550e+02
3.941541e+02
3.942549e+02
3.943541e+02
3.944540e+02
3.945543e+02
3.946544e+02
3.947546e+02
3.948542e+02
3.949545e+02
3.950545e+02
3.951562e+02
3.952544e+02
3.953545e+02
3.954546e+02
3.955668e+02
3.956545e+02
3.957547e+02
3.958547e+02
3.959545e+02
3.960669e+02
3.961547e+02
