1.679087e-02
1.164308e-01
2.167070e-01
3.167593e-01
4.173203e-01
5.166214e-01
6.166401e-01
7.167184e-01
8.167694e-01
9.167690e-01
1.016775e+00
1.116811e+00
1.216693e+00
1.316939e+00
1.416967e+00
1.517363e+00
1.616953e+00
1.716944e+00
1.816882e+00
1.917032e+00
2.017093e+00
2.117101e+00
2.217123e+00
2.317333e+00
2.417256e+00
2.517252e+00
2.617675e+00
2.717468e+00
2.817319e+00
2.917374e+00
3.017379e+00
3.117400e+00
3.217465e+00
3.317459e+00
3.417822e+00
3.517593e+00
3.617584e+00
3.717565e+00
3.817586e+00
3.917670e+00
4.017705e+00
4.117838e+00
4.217636e+00
4.319824e+00
4.418411e+00
4.518649e+00
4.619800e+00
4.719589e+00
4.819339e+00
4.919015e+00
5.019457e+00
5.117835e+00
5.217777e+00
5.317788e+00
5.418621e+00
5.518322e+00
5.618132e+00
5.728839e+00
5.819340e+00
5.918152e+00
6.032948e+00
6.120579e+00
6.219414e+00
6.318465e+00
6.418890e+00
6.518325e+00
6.618412e+00
6.718905e+00
6.818553e+00
6.927299e+00
7.018350e+00
7.118814e+00
7.218472e+00
7.318793e+00
7.418865e+00
7.518540e+00
7.618604e+00
7.718746e+00
7.818608e+00
7.919056e+00
8.022879e+00
8.118679e+00
8.219016e+00
8.318648e+00
8.418532e+00
8.518732e+00
8.618855e+00
8.719128e+00
8.819077e+00
8.920803e+00
9.019171e+00
9.120054e+00
9.219193e+00
9.320653e+00
9.420505e+00
9.519581e+00
9.620416e+00
9.719428e+00
9.819345e+00
9.919693e+00
1.002151e+01
1.012137e+01
1.022199e+01
1.032136e+01
1.041941e+01
1.051975e+01
1.062017e+01
1.071961e+01
1.081983e+01
1.092115e+01
1.102091e+01
1.112085e+01
1.122090e+01
1.131983e+01
1.141980e+01
1.151987e+01
1.161992e+01
1.171971e+01
1.182020e+01
1.192427e+01
1.202051e+01
1.212105e+01
1.222039e+01
1.232002e+01
1.242016e+01
1.252002e+01
1.262010e+01
1.272165e+01
1.282022e+01
1.292041e+01
1.302038e+01
1.312076e+01
1.322263e+01
1.332054e+01
1.342871e+01
1.352077e+01
1.362173e+01
1.372041e+01
1.382077e+01
1.392060e+01
1.402093e+01
1.412051e+01
1.422320e+01
1.432617e+01
1.442488e+01
1.452069e+01
1.462084e+01
1.472081e+01
1.482147e+01
1.492063e+01
1.502139e+01
1.512113e+01
1.522164e+01
1.532137e+01
1.542359e+01
1.552491e+01
1.562221e+01
1.572228e+01
1.582232e+01
1.592263e+01
1.602236e+01
1.612243e+01
1.622236e+01
1.632260e+01
1.642201e+01
1.652207e+01
1.662208e+01
1.672195e+01
1.682197e+01
1.692201e+01
1.702199e+01
1.712212e+01
1.722206e+01
1.732220e+01
1.742226e+01
1.752228e+01
1.762231e+01
1.772260e+01
1.782232e+01
1.792241e+01
1.802250e+01
1.812246e+01
1.822224e+01
1.832226e+01
1.842227e+01
1.852331e+01
1.862202e+01
1.872230e+01
1.882214e+01
1.892228e+01
1.902239e+01
1.912226e+01
1.922237e+01
1.932237e+01
1.942848e+01
1.952215e+01
1.962249e+01
1.972240e+01
1.982846e+01
1.992242e+01
2.002241e+01
2.012251e+01
2.022251e+01
2.032252e+01
2.042256e+01
2.052274e+01
2.062267e+01
2.072278e+01
2.082268e+01
2.092314e+01
2.102305e+01
2.112291e+01
2.122290e+01
2.132280e+01
2.142288e+01
2.152293e+01
2.162306e+01
2.172311e+01
2.182306e+01
2.192307e+01
2.202318e+01
2.212322e+01
2.222331e+01
2.232342e+01
2.242320e+01
2.252331e+01
2.262327e+01
2.272322e+01
2.282329e+01
2.292345e+01
2.302366e+01
2.312365e+01
2.322361e+01
2.332403e+01
2.342377e+01
2.352368e+01
2.362329e+01
2.372383e+01
2.382352e+01
2.392367e+01
2.402386e+01
2.412383e+01
2.422380e+01
2.432389e+01
2.442525e+01
2.452393e+01
2.462385e+01
2.472392e+01
2.482396e+01
2.492398e+01
2.502402e+01
2.512424e+01
2.522403e+01
2.532451e+01
2.542424e+01
2.552460e+01
2.562416e+01
2.572409e+01
2.582437e+01
2.592423e+01
2.602437e+01
2.612456e+01
2.622441e+01
2.632451e+01
2.642446e+01
2.652471e+01
2.662480e+01
2.672424e+01
2.682448e+01
2.692445e+01
2.702448e+01
2.712452e+01
2.722465e+01
2.732463e+01
2.742479e+01
2.752478e+01
2.762483e+01
2.772543e+01
2.782470e+01
2.792459e+01
2.802482e+01
2.812484e+01
2.822484e+01
2.832509e+01
2.842571e+01
2.852502e+01
2.862501e+01
2.872546e+01
2.882527e+01
2.892534e+01
2.902516e+01
2.912533e+01
2.922523e+01
2.932531e+01
2.942744e+01
2.952540e+01
2.962785e+01
2.972542e+01
2.982637e+01
2.992560e+01
3.002587e+01
3.012547e+01
3.022542e+01
3.032552e+01
3.042568e+01
3.052642e+01
3.062557e+01
3.072561e+01
3.082575e+01
3.092589e+01
3.102588e+01
3.112784e+01
3.122566e+01
3.132581e+01
3.142585e+01
3.152603e+01
3.162594e+01
3.172596e+01
3.182681e+01
3.192678e+01
3.202618e+01
3.212626e+01
3.222617e+01
3.232622e+01
3.242615e+01
3.252667e+01
3.262645e+01
3.272655e+01
3.282644e+01
3.292689e+01
3.302640e+01
3.312652e+01
3.322660e+01
3.332716e+01
3.342650e+01
3.352630e+01
3.362658e+01
3.372658e+01
3.382658e+01
3.392684e+01
3.402777e+01
3.412674e+01
3.422685e+01
3.432820e+01
3.442716e+01
3.452683e+01
3.462767e+01
3.472786e+01
3.482698e+01
3.492690e+01
3.502702e+01
3.512707e+01
3.522709e+01
3.532716e+01
3.542759e+01
3.552730e+01
3.562696e+01
3.572709e+01
3.582716e+01
3.592719e+01
3.602722e+01
3.612717e+01
3.622731e+01
3.632741e+01
3.642746e+01
3.652759e+01
3.662765e+01
3.672737e+01
3.682751e+01
3.692747e+01
3.702759e+01
3.712774e+01
3.722768e+01
3.732756e+01
3.742766e+01
3.752777e+01
3.762789e+01
3.772792e+01
3.782803e+01
3.792782e+01
3.802796e+01
3.812781e+01
3.822791e+01
3.832788e+01
3.842793e+01
3.852817e+01
3.862817e+01
3.872815e+01
3.882835e+01
3.892994e+01
3.902820e+01
3.912823e+01
3.922833e+01
3.932830e+01
3.942842e+01
3.952833e+01
3.962845e+01
3.972848e+01
3.982854e+01
3.992864e+01
4.002865e+01
4.012847e+01
4.022859e+01
4.032860e+01
4.042874e+01
4.052865e+01
4.062867e+01
4.072876e+01
4.082883e+01
4.092879e+01
4.102889e+01
4.112932e+01
4.122908e+01
4.132866e+01
4.142892e+01
4.152894e+01
4.162895e+01
4.172901e+01
4.182913e+01
4.192919e+01
4.202897e+01
4.212924e+01
4.222966e+01
4.232922e+01
4.242924e+01
4.252929e+01
4.262936e+01
4.272941e+01
4.282945e+01
4.292915e+01
4.302941e+01
4.312975e+01
4.324464e+01
4.332992e+01
4.342953e+01
4.352942e+01
4.362939e+01
4.372948e+01
4.382965e+01
4.392962e+01
4.402973e+01
4.412960e+01
4.422975e+01
4.432981e+01
4.443037e+01
4.452969e+01
4.462982e+01
4.472979e+01
4.482989e+01
4.493001e+01
4.502998e+01
4.512986e+01
4.522986e+01
4.533014e+01
4.543009e+01
4.553052e+01
4.563015e+01
4.573032e+01
4.583035e+01
4.593045e+01
4.603033e+01
4.613044e+01
4.623044e+01
4.633072e+01
4.643026e+01
4.653062e+01
4.663085e+01
4.673053e+01
4.683073e+01
4.693056e+01
4.703063e+01
4.713068e+01
4.723082e+01
4.733069e+01
4.743074e+01
4.753075e+01
4.763091e+01
4.773121e+01
4.783080e+01
4.793267e+01
4.803079e+01
4.813091e+01
4.823091e+01
4.833250e+01
4.843084e+01
4.853102e+01
4.863101e+01
4.873125e+01
4.883129e+01
4.893104e+01
4.903126e+01
4.913115e+01
4.923115e+01
4.933124e+01
4.943108e+01
4.953132e+01
4.963148e+01
4.973176e+01
4.983171e+01
4.993169e+01
5.003222e+01
5.013142e+01
5.023172e+01
5.034434e+01
5.043145e+01
5.053196e+01
5.063175e+01
5.073205e+01
5.083208e+01
5.093246e+01
5.103161e+01
5.113201e+01
5.123187e+01
5.133198e+01
5.143196e+01
5.153215e+01
5.163211e+01
5.173196e+01
5.183254e+01
5.193257e+01
5.203255e+01
5.213271e+01
5.223246e+01
5.235243e+01
5.243591e+01
5.253247e+01
5.263269e+01
5.273239e+01
5.283288e+01
5.293316e+01
5.303304e+01
5.313244e+01
5.323297e+01
5.333406e+01
5.343293e+01
5.353287e+01
5.363298e+01
5.373298e+01
5.383261e+01
5.393274e+01
5.403305e+01
5.413344e+01
5.423306e+01
5.433320e+01
5.443468e+01
5.453299e+01
5.463313e+01
5.473337e+01
5.483298e+01
5.493316e+01
5.503358e+01
5.513340e+01
5.523318e+01
5.533320e+01
5.543377e+01
5.553416e+01
5.563320e+01
5.573333e+01
5.583505e+01
5.593393e+01
5.603343e+01
5.613431e+01
5.623363e+01
5.633350e+01
5.643353e+01
5.653387e+01
5.663392e+01
5.673363e+01
5.683515e+01
5.693379e+01
5.703368e+01
5.713408e+01
5.723440e+01
5.733465e+01
5.743395e+01
5.753397e+01
5.763388e+01
5.773423e+01
5.783388e+01
5.793462e+01
5.803381e+01
5.813378e+01
5.823473e+01
5.833400e+01
5.843400e+01
5.853388e+01
5.863489e+01
5.873424e+01
5.883549e+01
5.893524e+01
5.903502e+01
5.913440e+01
5.923495e+01
5.933498e+01
5.943502e+01
5.953500e+01
5.964432e+01
5.973505e+01
5.983451e+01
5.993546e+01
6.003574e+01
6.013522e+01
6.023447e+01
6.033519e+01
6.043489e+01
6.053454e+01
6.063454e+01
6.073498e+01
6.083502e+01
6.093473e+01
6.103571e+01
6.113557e+01
6.123508e+01
6.133491e+01
6.143511e+01
6.153514e+01
6.163500e+01
6.173538e+01
6.183515e+01
6.193516e+01
6.203514e+01
6.213560e+01
6.223553e+01
6.233516e+01
6.243509e+01
6.253519e+01
6.263525e+01
6.273530e+01
6.283518e+01
6.293536e+01
6.303540e+01
6.313553e+01
6.323538e+01
6.333634e+01
6.343557e+01
6.353550e+01
6.363552e+01
6.373571e+01
6.383556e+01
6.393571e+01
6.403574e+01
6.413578e+01
6.423579e+01
6.433586e+01
6.443637e+01
6.453582e+01
6.463578e+01
6.473618e+01
6.483591e+01
6.493592e+01
6.503598e+01
6.513601e+01
6.523606e+01
6.533609e+01
6.543619e+01
6.553658e+01
6.563631e+01
6.573614e+01
6.583614e+01
6.593624e+01
6.603625e+01
6.613634e+01
6.623637e+01
6.633637e+01
6.643649e+01
6.653640e+01
6.663674e+01
6.673672e+01
6.683653e+01
6.693661e+01
6.703658e+01
6.713660e+01
6.723661e+01
6.733670e+01
6.743668e+01
6.753672e+01
6.763689e+01
6.773687e+01
6.783699e+01
6.793690e+01
6.803695e+01
6.813695e+01
6.823698e+01
6.833698e+01
6.843697e+01
6.853709e+01
6.863714e+01
6.873722e+01
6.883733e+01
6.893904e+01
6.903687e+01
6.913709e+01
6.923708e+01
6.933714e+01
6.943718e+01
6.953719e+01
6.963724e+01
6.973733e+01
6.983727e+01
6.993741e+01
7.003819e+01
7.013734e+01
7.023738e+01
7.033745e+01
7.043748e+01
7.053747e+01
7.063751e+01
7.073763e+01
7.083773e+01
7.093767e+01
7.103791e+01
7.113827e+01
7.123785e+01
7.133774e+01
7.143791e+01
7.153808e+01
7.163802e+01
7.173803e+01
7.183801e+01
7.193802e+01
7.203820e+01
7.213819e+01
7.223825e+01
7.233826e+01
7.243818e+01
7.253828e+01
7.263824e+01
7.273831e+01
7.283842e+01
7.293837e+01
7.303843e+01
7.313853e+01
7.323862e+01
7.333888e+01
7.343859e+01
7.353863e+01
7.363862e+01
7.373854e+01
7.383872e+01
7.393863e+01
7.403903e+01
7.413875e+01
7.423879e+01
7.433913e+01
7.443916e+01
7.453894e+01
7.463893e+01
7.473905e+01
7.483913e+01
7.493915e+01
7.503899e+01
7.513901e+01
7.523940e+01
7.533990e+01
7.543934e+01
7.553956e+01
7.563941e+01
7.573946e+01
7.583947e+01
7.593930e+01
7.603946e+01
7.613953e+01
7.623972e+01
7.633972e+01
7.643961e+01
7.653975e+01
7.663993e+01
7.673977e+01
7.683972e+01
7.693985e+01
7.703972e+01
7.713988e+01
7.723978e+01
7.733984e+01
7.743968e+01
7.753979e+01
7.763982e+01
7.774004e+01
7.783976e+01
7.793989e+01
7.803990e+01
7.813991e+01
7.823993e+01
7.833998e+01
7.843999e+01
7.854003e+01
7.864019e+01
7.874026e+01
7.884025e+01
7.894008e+01
7.904020e+01
7.914014e+01
7.924019e+01
7.934024e+01
7.944031e+01
7.954030e+01
7.964032e+01
7.974041e+01
7.984042e+01
7.994054e+01
8.004052e+01
8.014042e+01
8.024049e+01
8.034070e+01
8.044109e+01
8.054054e+01
8.064058e+01
8.074064e+01
8.084080e+01
8.094073e+01
8.104079e+01
8.114085e+01
8.124077e+01
8.134082e+01
8.144097e+01
8.154090e+01
8.164089e+01
8.174114e+01
8.184104e+01
8.194104e+01
8.204111e+01
8.214119e+01
8.224118e+01
8.234112e+01
8.244120e+01
8.254145e+01
8.264124e+01
8.274129e+01
8.285235e+01
8.294114e+01
8.304127e+01
8.314138e+01
8.324144e+01
8.334148e+01
8.344143e+01
8.354147e+01
8.364149e+01
8.374170e+01
8.384170e+01
8.394172e+01
8.404165e+01
8.414176e+01
8.424184e+01
8.434196e+01
8.444181e+01
8.454234e+01
8.464204e+01
8.474186e+01
8.484189e+01
8.494198e+01
8.504197e+01
8.514211e+01
8.524217e+01
8.534234e+01
8.544217e+01
8.554261e+01
8.564196e+01
8.574220e+01
8.584229e+01
8.594286e+01
8.604228e+01
8.614225e+01
8.624231e+01
8.634253e+01
8.644247e+01
8.654447e+01
8.664241e+01
8.674265e+01
8.684248e+01
8.694259e+01
8.704253e+01
8.714454e+01
8.724244e+01
8.734281e+01
8.744488e+01
8.754282e+01
8.764321e+01
8.774299e+01
8.784302e+01
8.794303e+01
8.804326e+01
8.814313e+01
8.824337e+01
8.834337e+01
8.844308e+01
8.854325e+01
8.864320e+01
8.874326e+01
8.884325e+01
8.894325e+01
8.904324e+01
8.914328e+01
8.924318e+01
8.934321e+01
8.944336e+01
8.954335e+01
8.964337e+01
8.974341e+01
8.984343e+01
8.994351e+01
9.004347e+01
9.014347e+01
9.024354e+01
9.035242e+01
9.044334e+01
9.054377e+01
9.064393e+01
9.074388e+01
9.084382e+01
9.094393e+01
9.105659e+01
9.114360e+01
9.124395e+01
9.136058e+01
9.144357e+01
9.154463e+01
9.164457e+01
9.174400e+01
9.184401e+01
9.194417e+01
9.204400e+01
9.214416e+01
9.224436e+01
9.234444e+01
9.244431e+01
9.254442e+01
9.264406e+01
9.274443e+01
9.284453e+01
9.294430e+01
9.304477e+01
9.314458e+01
9.324446e+01
9.334458e+01
9.344438e+01
9.354456e+01
9.364455e+01
9.374462e+01
9.384463e+01
9.394461e+01
9.404464e+01
9.414468e+01
9.424481e+01
9.434477e+01
9.444465e+01
9.454481e+01
9.464493e+01
9.474491e+01
9.484510e+01
9.494495e+01
9.504502e+01
9.514510e+01
9.524500e+01
9.534523e+01
9.544511e+01
9.554520e+01
9.564514e+01
9.574527e+01
9.584522e+01
9.594538e+01
9.604532e+01
9.614532e+01
9.624556e+01
9.634549e+01
9.644565e+01
9.654544e+01
9.664548e+01
9.674557e+01
9.684552e+01
9.694561e+01
9.704565e+01
9.714581e+01
9.724588e+01
9.734577e+01
9.744597e+01
9.754602e+01
9.764579e+01
9.774581e+01
9.784588e+01
9.794596e+01
9.804601e+01
9.814593e+01
9.824599e+01
9.834565e+01
9.844586e+01
9.854601e+01
9.864629e+01
9.874593e+01
9.884617e+01
9.894614e+01
9.904605e+01
9.914614e+01
9.924613e+01
9.934621e+01
9.944618e+01
9.954649e+01
9.964639e+01
9.974642e+01
9.984644e+01
9.994643e+01
1.000465e+02
1.001462e+02
1.002462e+02
1.003465e+02
1.004463e+02
1.005467e+02
1.006467e+02
1.007469e+02
1.008466e+02
1.009469e+02
1.010467e+02
1.011468e+02
1.012468e+02
1.013468e+02
1.014470e+02
1.015470e+02
1.016469e+02
1.017470e+02
1.018471e+02
1.019469e+02
1.020470e+02
1.021471e+02
1.022471e+02
1.023471e+02
1.024472e+02
1.025471e+02
1.026472e+02
1.027473e+02
1.028474e+02
1.029474e+02
1.030474e+02
1.031475e+02
1.032488e+02
1.033473e+02
1.034474e+02
1.035475e+02
1.036475e+02
1.037474e+02
1.038477e+02
1.039475e+02
1.040478e+02
1.041478e+02
1.042478e+02
1.043479e+02
1.044478e+02
1.045478e+02
1.046478e+02
1.047478e+02
1.048481e+02
1.049479e+02
1.050480e+02
1.051480e+02
1.052481e+02
1.053483e+02
1.054484e+02
1.055482e+02
1.056482e+02
1.057482e+02
1.058482e+02
1.059482e+02
1.060484e+02
1.061483e+02
1.062483e+02
1.063484e+02
1.064486e+02
1.065494e+02
1.066486e+02
1.067484e+02
1.068484e+02
1.069484e+02
1.070488e+02
1.071485e+02
1.072488e+02
1.073490e+02
1.074489e+02
1.075494e+02
1.076495e+02
1.077490e+02
1.078489e+02
1.079490e+02
1.080487e+02
1.081492e+02
1.082492e+02
1.083491e+02
1.084492e+02
1.085492e+02
1.086497e+02
1.087499e+02
1.088493e+02
1.089488e+02
1.090490e+02
1.091491e+02
1.092491e+02
1.093492e+02
1.094493e+02
1.095493e+02
1.096494e+02
1.097499e+02
1.098568e+02
1.099491e+02
1.100494e+02
1.101494e+02
1.102495e+02
1.103494e+02
1.104496e+02
1.105496e+02
1.106496e+02
1.107496e+02
1.108500e+02
1.109499e+02
1.110498e+02
1.111499e+02
1.112498e+02
1.113498e+02
1.114498e+02
1.115498e+02
1.116500e+02
1.117500e+02
1.118500e+02
1.119502e+02
1.120504e+02
1.121519e+02
1.122501e+02
1.123501e+02
1.124501e+02
1.125501e+02
1.126503e+02
1.127503e+02
1.128502e+02
1.129503e+02
1.130505e+02
1.131504e+02
1.132506e+02
1.133505e+02
1.134504e+02
1.135506e+02
1.136504e+02
1.137505e+02
1.138506e+02
1.139506e+02
1.140507e+02
1.141508e+02
1.142508e+02
1.143515e+02
1.144507e+02
1.145507e+02
1.146508e+02
1.147509e+02
1.148506e+02
1.149509e+02
1.150509e+02
1.151510e+02
1.152510e+02
1.153510e+02
1.154518e+02
1.155510e+02
1.156511e+02
1.157510e+02
1.158511e+02
1.159512e+02
1.160512e+02
1.161512e+02
1.162514e+02
1.163514e+02
1.164514e+02
1.165519e+02
1.166513e+02
1.167515e+02
1.168515e+02
1.169514e+02
1.170515e+02
1.171515e+02
1.172516e+02
1.173517e+02
1.174520e+02
1.175517e+02
1.176523e+02
1.177516e+02
1.178517e+02
1.179518e+02
1.180517e+02
1.181517e+02
1.182518e+02
1.183520e+02
1.184520e+02
1.185522e+02
1.186521e+02
1.187523e+02
1.188523e+02
1.189521e+02
1.190522e+02
1.191522e+02
1.192522e+02
1.193523e+02
1.194523e+02
1.195523e+02
1.196563e+02
1.197525e+02
1.198526e+02
1.199526e+02
1.200525e+02
1.201526e+02
1.202524e+02
1.203525e+02
1.204525e+02
1.205527e+02
1.206526e+02
1.207527e+02
1.208529e+02
1.209530e+02
1.210537e+02
1.211529e+02
1.212528e+02
1.213529e+02
1.214531e+02
1.215528e+02
1.216530e+02
1.217530e+02
1.218531e+02
1.219533e+02
1.220554e+02
1.221543e+02
1.222532e+02
1.223532e+02
1.224533e+02
1.225534e+02
1.226532e+02
1.227531e+02
1.228534e+02
1.229535e+02
1.230535e+02
1.231535e+02
1.232535e+02
1.233572e+02
1.234534e+02
1.235534e+02
1.236535e+02
1.237534e+02
1.238535e+02
1.239536e+02
1.240537e+02
1.241537e+02
1.242537e+02
1.243543e+02
1.244537e+02
1.245539e+02
1.246539e+02
1.247539e+02
1.248538e+02
1.249540e+02
1.250540e+02
1.251541e+02
1.252543e+02
1.253542e+02
1.254552e+02
1.255541e+02
1.256542e+02
1.257541e+02
1.258545e+02
1.259545e+02
1.260546e+02
1.261546e+02
1.262546e+02
1.263545e+02
1.264545e+02
1.265553e+02
1.266549e+02
1.267548e+02
1.268542e+02
1.269550e+02
1.270548e+02
1.271546e+02
1.272549e+02
1.273552e+02
1.274550e+02
1.275554e+02
1.276577e+02
1.277549e+02
1.278547e+02
1.279552e+02
1.280553e+02
1.281550e+02
1.282550e+02
1.283552e+02
1.284551e+02
1.285552e+02
1.286551e+02
1.287561e+02
1.288576e+02
1.289552e+02
1.290558e+02
1.291552e+02
1.292552e+02
1.293553e+02
1.294559e+02
1.295578e+02
1.296556e+02
1.297559e+02
1.298559e+02
1.299557e+02
1.300556e+02
1.301559e+02
1.302562e+02
1.303559e+02
1.304557e+02
1.305556e+02
1.306557e+02
1.307557e+02
1.308558e+02
1.309561e+02
1.310562e+02
1.311559e+02
1.312557e+02
1.313558e+02
1.314561e+02
1.315560e+02
1.316561e+02
1.317561e+02
1.318560e+02
1.319561e+02
1.320560e+02
1.321565e+02
1.322562e+02
1.323565e+02
1.324562e+02
1.325562e+02
1.326564e+02
1.327563e+02
1.328724e+02
1.329566e+02
1.330568e+02
1.331580e+02
1.332575e+02
1.333564e+02
1.334565e+02
1.335575e+02
1.336578e+02
1.337572e+02
1.338575e+02
1.339576e+02
1.340570e+02
1.341570e+02
1.342586e+02
1.343569e+02
1.344607e+02
1.345574e+02
1.346590e+02
1.347575e+02
1.348573e+02
1.349578e+02
1.350577e+02
1.351577e+02
1.352577e+02
1.353579e+02
1.354574e+02
1.355570e+02
1.356578e+02
1.357577e+02
1.358578e+02
1.359577e+02
1.360578e+02
1.361578e+02
1.362573e+02
1.363581e+02
1.364581e+02
1.365590e+02
1.366583e+02
1.367579e+02
1.368575e+02
1.369574e+02
1.370580e+02
1.371581e+02
1.372580e+02
1.373576e+02
1.374582e+02
1.375578e+02
1.376580e+02
1.377582e+02
1.378582e+02
1.379580e+02
1.380580e+02
1.381579e+02
1.382580e+02
1.383579e+02
1.384580e+02
1.385583e+02
1.386585e+02
1.387594e+02
1.388588e+02
1.389585e+02
1.390583e+02
1.391585e+02
1.392589e+02
1.393585e+02
1.394586e+02
1.395777e+02
1.396581e+02
1.397584e+02
1.398587e+02
1.399589e+02
1.400585e+02
1.401586e+02
1.402585e+02
1.403585e+02
1.404587e+02
1.405586e+02
1.406587e+02
1.407587e+02
1.408587e+02
1.409588e+02
1.410591e+02
1.411588e+02
1.412591e+02
1.413588e+02
1.414588e+02
1.415602e+02
1.416587e+02
1.417588e+02
1.418591e+02
1.419589e+02
1.420591e+02
1.421594e+02
1.422590e+02
1.423593e+02
1.424592e+02
1.425593e+02
1.426602e+02
1.427594e+02
1.428593e+02
1.429593e+02
1.430593e+02
1.431595e+02
1.432599e+02
1.433594e+02
1.434595e+02
1.435596e+02
1.436595e+02
1.437596e+02
1.438597e+02
1.439598e+02
1.440598e+02
1.441598e+02
1.442598e+02
1.443601e+02
1.444597e+02
1.445598e+02
1.446599e+02
1.447598e+02
1.448599e+02
1.449599e+02
1.450601e+02
1.451600e+02
1.452599e+02
1.453601e+02
1.454604e+02
1.455600e+02
1.456603e+02
1.457602e+02
1.458603e+02
1.459604e+02
1.460603e+02
1.461604e+02
1.462603e+02
1.463604e+02
1.464604e+02
1.465606e+02
1.466609e+02
1.467605e+02
1.468606e+02
1.469605e+02
1.470606e+02
1.471605e+02
1.472607e+02
1.473646e+02
1.474605e+02
1.475608e+02
1.476611e+02
1.477621e+02
1.478605e+02
1.479609e+02
1.480610e+02
1.481611e+02
1.482611e+02
1.483611e+02
1.484611e+02
1.485612e+02
1.486613e+02
1.487612e+02
1.488614e+02
1.489610e+02
1.490612e+02
1.491612e+02
1.492611e+02
1.493611e+02
1.494612e+02
1.495614e+02
1.496612e+02
1.497616e+02
1.498614e+02
1.499618e+02
1.500612e+02
1.501612e+02
1.502617e+02
1.503617e+02
1.504617e+02
1.505619e+02
1.506615e+02
1.507620e+02
1.508788e+02
1.509617e+02
1.510621e+02
1.511616e+02
1.512618e+02
1.513618e+02
1.514618e+02
1.515618e+02
1.516621e+02
1.517619e+02
1.518619e+02
1.519620e+02
1.520621e+02
1.521626e+02
1.522620e+02
1.523621e+02
1.524622e+02
1.525621e+02
1.526621e+02
1.527622e+02
1.528622e+02
1.529624e+02
1.530624e+02
1.531624e+02
1.532632e+02
1.533624e+02
1.534623e+02
1.535624e+02
1.536623e+02
1.537625e+02
1.538629e+02
1.539626e+02
1.540626e+02
1.541627e+02
1.542628e+02
1.543629e+02
1.544627e+02
1.545629e+02
1.546628e+02
1.547629e+02
1.548629e+02
1.549630e+02
1.550629e+02
1.551630e+02
1.552630e+02
1.553631e+02
1.554632e+02
1.555631e+02
1.556630e+02
1.557631e+02
1.558633e+02
1.559632e+02
1.560633e+02
1.561633e+02
1.562634e+02
1.563631e+02
1.564633e+02
1.565637e+02
1.566635e+02
1.567632e+02
1.568638e+02
1.569637e+02
1.570639e+02
1.571639e+02
1.572640e+02
1.573637e+02
1.574636e+02
1.575637e+02
1.576638e+02
1.577638e+02
1.578639e+02
1.579640e+02
1.580638e+02
1.581640e+02
1.582638e+02
1.583640e+02
1.584639e+02
1.585640e+02
1.586641e+02
1.587642e+02
1.588644e+02
1.589639e+02
1.590639e+02
1.591642e+02
1.592642e+02
1.593643e+02
1.594643e+02
1.595643e+02
1.596643e+02
1.597645e+02
1.598646e+02
1.599649e+02
1.600645e+02
1.601645e+02
1.602646e+02
1.603647e+02
1.604647e+02
1.605647e+02
1.606649e+02
1.607649e+02
1.608648e+02
1.609650e+02
1.610650e+02
1.611648e+02
1.612651e+02
1.613649e+02
1.614651e+02
1.615649e+02
1.616649e+02
1.617650e+02
1.618651e+02
1.619686e+02
1.620649e+02
1.621655e+02
1.622654e+02
1.623652e+02
1.624652e+02
1.625652e+02
1.626653e+02
1.627653e+02
1.628654e+02
1.629651e+02
1.630654e+02
1.631656e+02
1.632658e+02
1.633656e+02
1.634657e+02
1.635656e+02
1.636657e+02
1.637657e+02
1.638656e+02
1.639653e+02
1.640656e+02
1.641656e+02
1.642658e+02
1.643659e+02
1.644727e+02
1.645656e+02
1.646659e+02
1.647659e+02
1.648660e+02
1.649661e+02
1.650661e+02
1.651660e+02
1.652661e+02
1.653661e+02
1.654664e+02
1.655662e+02
1.656662e+02
1.657661e+02
1.658662e+02
1.659665e+02
1.660663e+02
1.661663e+02
1.662664e+02
1.663664e+02
1.664665e+02
1.665666e+02
1.666663e+02
1.667666e+02
1.668666e+02
1.669666e+02
1.670666e+02
1.671662e+02
1.672666e+02
1.673667e+02
1.674667e+02
1.675668e+02
1.676670e+02
1.677683e+02
1.678668e+02
1.679668e+02
1.680669e+02
1.681666e+02
1.682667e+02
1.683668e+02
1.684669e+02
1.685670e+02
1.686673e+02
1.687671e+02
1.688672e+02
1.689672e+02
1.690672e+02
1.691673e+02
1.692673e+02
1.693671e+02
1.694671e+02
1.695673e+02
1.696673e+02
1.697674e+02
1.698674e+02
1.699681e+02
1.700674e+02
1.701675e+02
1.702675e+02
1.703675e+02
1.704675e+02
1.705676e+02
1.706676e+02
1.707678e+02
1.708677e+02
1.709688e+02
1.710690e+02
1.711677e+02
1.712677e+02
1.713678e+02
1.714678e+02
1.715679e+02
1.716680e+02
1.717680e+02
1.718681e+02
1.719681e+02
1.720684e+02
1.721685e+02
1.722681e+02
1.723681e+02
1.724681e+02
1.725682e+02
1.726683e+02
1.727682e+02
1.728683e+02
1.729683e+02
1.730684e+02
1.731684e+02
1.732691e+02
1.733685e+02
1.734685e+02
1.735684e+02
1.736687e+02
1.737686e+02
1.738686e+02
1.739687e+02
1.740687e+02
1.741688e+02
1.742688e+02
1.743687e+02
1.744688e+02
1.745687e+02
1.746687e+02
1.747688e+02
1.748688e+02
1.749688e+02
1.750689e+02
1.751691e+02
1.752690e+02
1.753691e+02
1.754692e+02
1.755691e+02
1.756690e+02
1.757691e+02
1.758692e+02
1.759691e+02
1.760693e+02
1.761693e+02
1.762693e+02
1.763694e+02
1.764694e+02
1.765695e+02
1.766695e+02
1.767696e+02
1.768695e+02
1.769694e+02
1.770694e+02
1.771695e+02
1.772698e+02
1.773698e+02
1.774697e+02
1.775697e+02
1.776697e+02
1.777699e+02
1.778698e+02
1.779698e+02
1.780699e+02
1.781699e+02
1.782700e+02
1.783700e+02
1.784700e+02
1.785702e+02
1.786700e+02
1.787701e+02
1.788705e+02
1.789703e+02
1.790704e+02
1.791702e+02
1.792702e+02
1.793700e+02
1.794701e+02
1.795702e+02
1.796703e+02
1.797704e+02
1.798704e+02
1.799706e+02
1.800704e+02
1.801704e+02
1.802704e+02
1.803705e+02
1.804705e+02
1.805705e+02
1.806705e+02
1.807707e+02
1.808706e+02
1.809705e+02
1.810715e+02
1.811708e+02
1.812708e+02
1.813710e+02
1.814712e+02
1.815710e+02
1.816723e+02
1.817710e+02
1.818710e+02
1.819713e+02
1.820712e+02
1.821713e+02
1.822712e+02
1.823712e+02
1.824711e+02
1.825712e+02
1.826712e+02
1.827709e+02
1.828712e+02
1.829714e+02
1.830714e+02
1.831714e+02
1.832715e+02
1.833729e+02
1.834730e+02
1.835714e+02
1.836713e+02
1.837714e+02
1.838715e+02
1.839716e+02
1.840716e+02
1.841716e+02
1.842719e+02
1.843719e+02
1.844726e+02
1.845717e+02
1.846717e+02
1.847724e+02
1.848717e+02
1.849719e+02
1.850718e+02
1.851720e+02
1.852719e+02
1.853722e+02
1.854723e+02
1.855730e+02
1.856720e+02
1.857721e+02
1.858722e+02
1.859723e+02
1.860722e+02
1.861722e+02
1.862723e+02
1.863724e+02
1.864725e+02
1.865724e+02
1.866726e+02
1.867725e+02
1.868726e+02
1.869725e+02
1.870725e+02
1.871727e+02
1.872727e+02
1.873727e+02
1.874726e+02
1.875733e+02
1.876730e+02
1.877735e+02
1.878728e+02
1.879728e+02
1.880729e+02
1.881729e+02
1.882729e+02
1.883730e+02
1.884728e+02
1.885737e+02
1.886731e+02
1.887730e+02
1.888734e+02
1.889730e+02
1.890731e+02
1.891731e+02
1.892730e+02
1.893732e+02
1.894731e+02
1.895732e+02
1.896730e+02
1.897736e+02
1.898735e+02
1.899926e+02
1.900733e+02
1.901738e+02
1.902737e+02
1.903736e+02
1.904739e+02
1.905737e+02
1.906740e+02
1.907738e+02
1.908741e+02
1.909739e+02
1.910741e+02
1.911740e+02
1.912739e+02
1.913739e+02
1.914740e+02
1.915740e+02
1.916739e+02
1.917741e+02
1.918742e+02
1.919741e+02
1.920742e+02
1.921749e+02
1.922741e+02
1.923742e+02
1.924743e+02
1.925743e+02
1.926747e+02
1.927743e+02
1.928746e+02
1.929744e+02
1.930744e+02
1.931745e+02
1.932750e+02
1.933748e+02
1.934746e+02
1.935747e+02
1.936748e+02
1.937748e+02
1.938747e+02
1.939747e+02
1.940764e+02
1.941747e+02
1.942749e+02
1.943751e+02
1.944749e+02
1.945750e+02
1.946752e+02
1.947750e+02
1.948749e+02
1.949750e+02
1.950750e+02
1.951753e+02
1.952751e+02
1.953752e+02
1.954754e+02
1.955753e+02
1.956752e+02
1.957753e+02
1.958753e+02
1.959754e+02
1.960753e+02
1.961755e+02
1.962753e+02
1.963755e+02
1.964756e+02
1.965757e+02
1.966760e+02
1.967757e+02
1.968752e+02
1.969753e+02
1.970752e+02
1.971754e+02
1.972754e+02
1.973755e+02
1.974755e+02
1.975755e+02
1.976756e+02
1.977756e+02
1.978759e+02
1.979755e+02
1.980802e+02
1.981757e+02
1.982756e+02
1.983757e+02
1.984758e+02
1.985759e+02
1.986760e+02
1.987760e+02
1.988760e+02
1.989761e+02
1.990760e+02
1.991761e+02
1.992761e+02
1.993760e+02
1.994761e+02
1.995765e+02
1.996763e+02
1.997763e+02
1.998883e+02
1.999763e+02
2.000762e+02
2.001762e+02
2.002764e+02
2.003763e+02
2.004764e+02
2.005765e+02
2.006766e+02
2.007767e+02
2.008766e+02
2.009768e+02
2.010768e+02
2.011765e+02
2.012768e+02
2.013767e+02
2.014767e+02
2.015769e+02
2.016768e+02
2.017770e+02
2.018766e+02
2.019771e+02
2.020774e+02
2.021771e+02
2.022773e+02
2.023773e+02
2.024772e+02
2.025771e+02
2.026773e+02
2.027782e+02
2.028776e+02
2.029776e+02
2.030776e+02
2.031779e+02
2.032775e+02
2.033775e+02
2.034777e+02
2.035781e+02
2.036778e+02
2.037780e+02
2.038778e+02
2.039785e+02
2.040777e+02
2.041803e+02
2.042800e+02
2.043778e+02
2.044782e+02
2.045782e+02
2.046785e+02
2.047780e+02
2.048785e+02
2.049786e+02
2.050781e+02
2.051784e+02
2.052786e+02
2.053782e+02
2.054783e+02
2.055789e+02
2.056785e+02
2.057784e+02
2.058884e+02
2.059783e+02
2.060784e+02
2.061785e+02
2.062886e+02
2.063787e+02
2.064783e+02
2.065787e+02
2.066783e+02
2.067782e+02
2.068787e+02
2.069803e+02
2.070786e+02
2.071802e+02
2.072788e+02
2.073800e+02
2.074795e+02
2.075787e+02
2.076796e+02
2.077793e+02
2.078788e+02
2.079804e+02
2.080788e+02
2.081788e+02
2.082788e+02
2.083809e+02
2.084795e+02
2.085790e+02
2.086791e+02
2.087790e+02
2.088799e+02
2.089791e+02
2.090806e+02
2.091800e+02
2.092803e+02
2.093793e+02
2.094798e+02
2.095790e+02
2.096798e+02
2.097804e+02
2.098808e+02
2.099795e+02
2.100857e+02
2.101792e+02
2.102802e+02
2.103803e+02
2.104797e+02
2.105796e+02
2.106802e+02
2.107884e+02
2.108797e+02
2.109796e+02
2.110805e+02
2.111806e+02
2.112797e+02
2.113805e+02
2.114883e+02
2.115795e+02
2.116797e+02
2.117797e+02
2.118803e+02
2.119810e+02
2.120798e+02
2.121963e+02
2.122797e+02
2.123799e+02
2.124800e+02
2.125801e+02
2.126800e+02
2.127802e+02
2.128802e+02
2.129799e+02
2.130802e+02
2.131800e+02
2.132804e+02
2.133802e+02
2.134802e+02
2.135803e+02
2.136804e+02
2.137804e+02
2.138804e+02
2.139804e+02
2.140805e+02
2.141804e+02
2.142805e+02
2.143805e+02
2.144806e+02
2.145806e+02
2.146806e+02
2.147806e+02
2.148806e+02
2.149807e+02
2.150807e+02
2.151807e+02
2.152809e+02
2.153808e+02
2.154813e+02
2.155809e+02
2.156809e+02
2.157810e+02
2.158809e+02
2.159808e+02
2.160808e+02
2.161812e+02
2.162810e+02
2.163816e+02
2.164812e+02
2.165812e+02
2.166813e+02
2.167810e+02
2.168814e+02
2.169815e+02
2.170814e+02
2.171814e+02
2.172814e+02
2.173815e+02
2.174815e+02
2.175816e+02
2.176819e+02
2.177816e+02
2.178816e+02
2.179815e+02
2.180816e+02
2.181816e+02
2.182818e+02
2.183817e+02
2.184818e+02
2.185818e+02
2.186818e+02
2.187819e+02
2.188819e+02
2.189819e+02
2.190820e+02
2.191819e+02
2.192819e+02
2.193821e+02
2.194823e+02
2.195822e+02
2.196824e+02
2.197821e+02
2.198862e+02
2.199821e+02
2.200821e+02
2.201822e+02
2.202824e+02
2.203823e+02
2.204824e+02
2.205824e+02
2.206824e+02
2.207824e+02
2.208843e+02
2.209823e+02
2.210824e+02
2.211825e+02
2.212828e+02
2.213827e+02
2.214825e+02
2.215828e+02
2.216827e+02
2.217827e+02
2.218827e+02
2.219827e+02
2.220827e+02
2.221828e+02
2.222828e+02
2.223828e+02
2.224829e+02
2.225828e+02
2.226830e+02
2.227829e+02
2.228830e+02
2.229831e+02
2.230831e+02
2.231831e+02
2.232832e+02
2.233834e+02
2.234834e+02
2.235832e+02
2.236832e+02
2.237833e+02
2.238834e+02
2.239833e+02
2.240834e+02
2.241834e+02
2.242834e+02
2.243835e+02
2.244835e+02
2.245835e+02
2.246836e+02
2.247836e+02
2.248837e+02
2.249837e+02
2.250838e+02
2.251838e+02
2.252837e+02
2.253839e+02
2.254838e+02
2.255842e+02
2.256839e+02
2.257841e+02
2.258839e+02
2.259839e+02
2.260841e+02
2.261840e+02
2.262841e+02
2.263840e+02
2.264841e+02
2.265840e+02
2.266843e+02
2.267843e+02
2.268843e+02
2.269843e+02
2.270843e+02
2.271844e+02
2.272844e+02
2.273845e+02
2.274845e+02
2.275845e+02
2.276845e+02
2.277844e+02
2.278845e+02
2.279845e+02
2.280846e+02
2.281875e+02
2.282847e+02
2.283848e+02
2.284848e+02
2.285848e+02
2.286849e+02
2.287850e+02
2.288852e+02
2.289854e+02
2.290850e+02
2.291850e+02
2.292851e+02
2.293852e+02
2.294852e+02
2.295855e+02
2.296856e+02
2.297854e+02
2.298853e+02
2.299856e+02
2.300854e+02
2.301855e+02
2.302859e+02
2.303855e+02
2.304853e+02
2.305854e+02
2.306856e+02
2.307854e+02
2.308855e+02
2.309856e+02
2.310855e+02
2.311856e+02
2.312856e+02
2.313855e+02
2.314855e+02
2.315858e+02
2.316857e+02
2.317859e+02
2.318858e+02
2.319858e+02
2.320858e+02
2.321859e+02
2.322859e+02
2.323871e+02
2.324861e+02
2.325859e+02
2.326860e+02
2.327869e+02
2.328862e+02
2.329861e+02
2.330873e+02
2.331870e+02
2.332862e+02
2.333864e+02
2.334865e+02
2.335877e+02
2.336874e+02
2.337882e+02
2.338872e+02
2.339865e+02
2.340865e+02
2.341873e+02
2.342865e+02
2.343867e+02
2.344875e+02
2.345877e+02
2.346866e+02
2.347866e+02
2.348873e+02
2.349866e+02
2.350867e+02
2.351876e+02
2.352869e+02
2.353868e+02
2.354868e+02
2.355870e+02
2.356870e+02
2.357870e+02
2.358870e+02
2.359870e+02
2.360870e+02
2.361871e+02
2.362872e+02
2.363871e+02
2.364871e+02
2.365875e+02
2.366875e+02
2.367873e+02
2.368873e+02
2.369872e+02
2.370874e+02
2.371876e+02
2.372874e+02
2.373875e+02
2.374873e+02
2.375875e+02
2.376874e+02
2.377876e+02
2.378875e+02
2.379876e+02
2.380876e+02
2.381876e+02
2.382877e+02
2.383877e+02
2.384878e+02
2.385877e+02
2.386879e+02
2.387878e+02
2.388881e+02
2.389879e+02
2.390880e+02
2.391880e+02
2.392881e+02
2.393881e+02
2.394882e+02
2.395881e+02
2.396882e+02
2.397883e+02
2.398881e+02
2.399879e+02
2.400883e+02
2.401882e+02
2.402882e+02
2.403881e+02
2.404885e+02
2.405883e+02
2.406886e+02
2.407885e+02
2.408885e+02
2.409886e+02
2.410888e+02
2.411887e+02
2.412887e+02
2.413888e+02
2.414887e+02
2.415888e+02
2.416887e+02
2.417886e+02
2.418887e+02
2.420044e+02
2.420885e+02
2.421890e+02
2.422890e+02
2.423890e+02
2.424889e+02
2.425890e+02
2.426889e+02
2.427889e+02
2.428890e+02
2.429890e+02
2.430890e+02
2.431890e+02
2.432891e+02
2.433891e+02
2.434891e+02
2.435891e+02
2.436892e+02
2.437894e+02
2.439087e+02
2.439891e+02
2.440893e+02
2.441893e+02
2.442895e+02
2.443896e+02
2.444896e+02
2.445895e+02
2.446896e+02
2.447896e+02
2.448896e+02
2.449897e+02
2.450898e+02
2.451899e+02
2.452897e+02
2.453898e+02
2.454899e+02
2.455899e+02
2.456900e+02
2.457899e+02
2.458899e+02
2.459899e+02
2.460900e+02
2.462045e+02
2.462899e+02
2.463902e+02
2.464903e+02
2.465903e+02
2.466903e+02
2.467903e+02
2.468904e+02
2.469904e+02
2.470902e+02
2.471905e+02
2.472904e+02
2.473905e+02
2.474904e+02
2.475904e+02
2.476905e+02
2.477905e+02
2.478906e+02
2.479907e+02
2.480906e+02
2.481906e+02
2.482907e+02
2.483907e+02
2.484908e+02
2.485910e+02
2.486908e+02
2.487909e+02
2.488909e+02
2.489909e+02
2.490909e+02
2.491911e+02
2.492915e+02
2.493910e+02
2.494910e+02
2.495911e+02
2.496911e+02
2.497912e+02
2.498912e+02
2.499916e+02
2.500914e+02
2.501915e+02
2.502915e+02
2.503915e+02
2.504915e+02
2.505916e+02
2.506918e+02
2.507916e+02
2.508916e+02
2.509914e+02
2.510914e+02
2.511915e+02
2.512914e+02
2.513918e+02
2.514916e+02
2.515916e+02
2.516917e+02
2.517917e+02
2.518918e+02
2.519917e+02
2.520919e+02
2.521918e+02
2.522919e+02
2.523919e+02
2.524918e+02
2.525920e+02
2.526920e+02
2.527918e+02
2.528921e+02
2.529922e+02
2.530921e+02
2.531922e+02
2.532922e+02
2.533922e+02
2.534921e+02
2.535924e+02
2.536923e+02
2.537923e+02
2.538948e+02
2.539922e+02
2.540925e+02
2.541925e+02
2.542925e+02
2.543925e+02
2.544925e+02
2.545929e+02
2.546943e+02
2.547963e+02
2.548925e+02
2.549926e+02
2.550927e+02
2.551929e+02
2.552929e+02
2.553929e+02
2.554929e+02
2.555932e+02
2.556927e+02
2.557931e+02
2.558931e+02
2.559932e+02
2.560929e+02
2.561938e+02
2.562929e+02
2.563930e+02
2.564930e+02
2.565933e+02
2.566934e+02
2.567931e+02
2.568932e+02
2.569932e+02
2.570934e+02
2.571932e+02
2.572931e+02
2.573947e+02
2.574943e+02
2.575935e+02
2.576937e+02
2.577936e+02
2.578937e+02
2.579935e+02
2.580938e+02
2.581937e+02
2.582937e+02
2.583935e+02
2.584949e+02
2.585941e+02
2.586940e+02
2.587938e+02
2.588947e+02
2.589940e+02
2.590941e+02
2.591938e+02
2.592939e+02
2.593941e+02
2.594947e+02
2.595944e+02
2.596947e+02
2.597941e+02
2.598943e+02
2.599942e+02
2.600942e+02
2.601940e+02
2.602950e+02
2.603942e+02
2.604943e+02
2.605945e+02
2.606944e+02
2.607944e+02
2.608952e+02
2.609945e+02
2.610945e+02
2.611945e+02
2.612947e+02
2.613944e+02
2.614948e+02
2.615948e+02
2.616947e+02
2.617947e+02
2.618952e+02
2.619948e+02
2.620948e+02
2.621949e+02
2.622949e+02
2.623949e+02
2.624949e+02
2.625949e+02
2.626950e+02
2.627950e+02
2.628950e+02
2.629951e+02
2.630949e+02
2.631950e+02
2.632957e+02
2.633952e+02
2.634952e+02
2.635953e+02
2.636954e+02
2.637952e+02
2.638953e+02
2.639955e+02
2.640954e+02
2.641955e+02
2.642954e+02
2.643954e+02
2.644954e+02
2.645956e+02
2.646955e+02
2.647956e+02
2.648957e+02
2.649956e+02
2.650956e+02
2.651958e+02
2.652960e+02
2.653958e+02
2.654957e+02
2.655958e+02
2.656959e+02
2.657958e+02
2.658959e+02
2.659960e+02
2.660962e+02
2.661961e+02
2.662965e+02
2.663961e+02
2.664964e+02
2.665963e+02
2.666962e+02
2.667964e+02
2.668962e+02
2.669962e+02
2.670962e+02
2.671963e+02
2.672963e+02
2.673964e+02
2.674965e+02
2.675966e+02
2.676968e+02
2.677985e+02
2.678963e+02
2.679966e+02
2.680968e+02
2.681968e+02
2.682967e+02
2.683967e+02
2.684967e+02
2.685969e+02
2.686969e+02
2.687968e+02
2.688968e+02
2.689971e+02
2.690969e+02
2.691970e+02
2.692969e+02
2.693969e+02
2.694971e+02
2.695970e+02
2.696971e+02
2.697972e+02
2.698969e+02
2.699972e+02
2.700972e+02
2.701972e+02
2.702973e+02
2.703973e+02
2.704974e+02
2.705973e+02
2.706975e+02
2.707974e+02
2.708975e+02
2.709975e+02
2.710974e+02
2.711975e+02
2.712976e+02
2.713976e+02
2.714978e+02
2.715976e+02
2.716977e+02
2.717975e+02
2.718978e+02
2.719977e+02
2.720977e+02
2.721979e+02
2.722979e+02
2.723980e+02
2.724979e+02
2.725980e+02
2.726980e+02
2.727981e+02
2.729045e+02
2.729979e+02
2.730982e+02
2.731981e+02
2.732982e+02
2.733982e+02
2.734981e+02
2.735983e+02
2.736983e+02
2.737985e+02
2.738983e+02
2.739983e+02
2.740983e+02
2.741985e+02
2.742984e+02
2.743985e+02
2.744984e+02
2.745985e+02
2.746987e+02
2.747986e+02
2.748989e+02
2.749987e+02
2.750987e+02
2.751987e+02
2.752987e+02
2.753987e+02
2.754989e+02
2.755987e+02
2.756989e+02
2.757992e+02
2.758990e+02
2.759990e+02
2.760991e+02
2.761990e+02
2.762992e+02
2.763992e+02
2.764992e+02
2.765992e+02
2.767164e+02
2.767991e+02
2.768993e+02
2.769992e+02
2.770993e+02
2.771993e+02
2.772992e+02
2.773995e+02
2.774996e+02
2.775995e+02
2.776995e+02
2.777998e+02
2.778998e+02
2.779995e+02
2.780998e+02
2.782003e+02
2.782999e+02
2.784001e+02
2.785002e+02
2.786002e+02
2.786998e+02
2.787997e+02
2.789002e+02
2.790003e+02
2.791027e+02
2.792002e+02
2.793007e+02
2.794000e+02
2.795003e+02
2.796006e+02
2.797004e+02
2.798004e+02
2.799005e+02
2.800007e+02
2.801000e+02
2.802007e+02
2.803005e+02
2.804007e+02
2.805008e+02
2.806008e+02
2.807007e+02
2.808007e+02
2.809006e+02
2.810186e+02
2.811005e+02
2.812013e+02
2.813014e+02
2.814012e+02
2.815009e+02
2.816013e+02
2.817008e+02
2.818011e+02
2.819009e+02
2.820009e+02
2.821013e+02
2.822010e+02
2.823009e+02
2.824013e+02
2.825023e+02
2.826010e+02
2.827010e+02
2.828013e+02
2.829019e+02
2.830026e+02
2.831020e+02
2.832022e+02
2.833010e+02
2.834021e+02
2.835023e+02
2.836019e+02
2.837012e+02
2.838023e+02
2.839024e+02
2.840013e+02
2.841012e+02
2.842030e+02
2.843015e+02
2.844025e+02
2.845027e+02
2.846032e+02
2.847014e+02
2.848018e+02
2.849017e+02
2.850017e+02
2.851020e+02
2.852029e+02
2.853022e+02
2.854024e+02
2.855022e+02
2.856019e+02
2.857023e+02
2.858020e+02
2.859028e+02
2.860020e+02
2.861021e+02
2.862024e+02
2.863025e+02
2.864021e+02
2.865023e+02
2.866031e+02
2.867021e+02
2.868028e+02
2.869024e+02
2.870022e+02
2.871023e+02
2.872024e+02
2.873025e+02
2.874025e+02
2.875023e+02
2.876026e+02
2.877024e+02
2.878025e+02
2.879030e+02
2.880044e+02
2.881026e+02
2.882026e+02
2.883027e+02
2.884027e+02
2.885027e+02
2.886028e+02
2.887030e+02
2.888028e+02
2.889029e+02
2.890032e+02
2.891040e+02
2.892029e+02
2.893030e+02
2.894029e+02
2.895032e+02
2.896030e+02
2.897031e+02
2.898032e+02
2.899030e+02
2.900031e+02
2.901038e+02
2.902048e+02
2.903269e+02
2.904031e+02
2.905032e+02
2.906032e+02
2.907032e+02
2.908033e+02
2.909036e+02
2.910034e+02
2.911034e+02
2.912061e+02
2.913035e+02
2.914032e+02
2.915037e+02
2.916037e+02
2.917039e+02
2.918038e+02
2.919035e+02
2.920038e+02
2.921038e+02
2.922283e+02
2.923037e+02
2.924044e+02
2.925038e+02
2.926039e+02
2.927038e+02
2.928041e+02
2.929038e+02
2.930044e+02
2.931043e+02
2.932041e+02
2.933043e+02
2.934044e+02
2.935047e+02
2.936045e+02
2.937044e+02
2.938044e+02
2.939044e+02
2.940046e+02
2.941045e+02
2.942045e+02
2.943318e+02
2.944042e+02
2.945046e+02
2.946047e+02
2.947047e+02
2.948047e+02
2.949044e+02
2.950045e+02
2.951049e+02
2.952050e+02
2.953049e+02
2.954083e+02
2.955049e+02
2.956050e+02
2.957052e+02
2.958067e+02
2.959050e+02
2.960166e+02
2.961047e+02
2.962051e+02
2.963050e+02
2.964051e+02
2.965051e+02
2.966052e+02
2.967094e+02
2.968051e+02
2.969053e+02
2.970092e+02
2.971052e+02
2.972052e+02
2.973053e+02
2.974053e+02
2.975053e+02
2.976054e+02
2.977055e+02
2.978055e+02
2.979056e+02
2.980064e+02
2.981055e+02
2.982055e+02
2.983056e+02
2.984056e+02
2.985054e+02
2.986056e+02
2.987056e+02
2.988058e+02
2.989059e+02
2.990058e+02
2.991061e+02
2.992058e+02
2.993059e+02
2.994060e+02
2.995059e+02
2.996059e+02
2.997061e+02
2.998061e+02
2.999062e+02
3.000062e+02
3.001061e+02
3.002069e+02
3.003062e+02
3.004063e+02
3.005062e+02
3.006063e+02
3.007064e+02
3.008064e+02
3.009064e+02
3.010062e+02
3.011066e+02
3.012067e+02
3.013069e+02
3.014066e+02
3.015066e+02
3.016066e+02
3.017067e+02
3.018067e+02
3.019069e+02
3.020067e+02
3.021069e+02
3.022070e+02
3.023070e+02
3.024073e+02
3.025069e+02
3.026069e+02
3.027069e+02
3.028070e+02
3.029071e+02
3.030071e+02
3.031071e+02
3.032071e+02
3.033072e+02
3.034074e+02
3.035073e+02
3.036098e+02
3.037070e+02
3.038071e+02
3.039072e+02
3.040073e+02
3.041072e+02
3.042073e+02
3.043074e+02
3.044076e+02
3.045075e+02
3.046076e+02
3.047088e+02
3.048075e+02
3.049076e+02
3.050098e+02
3.051076e+02
3.052076e+02
3.053076e+02
3.054078e+02
3.055078e+02
3.056078e+02
3.057090e+02
3.058079e+02
3.059078e+02
3.060078e+02
3.061080e+02
3.062079e+02
3.063079e+02
3.064078e+02
3.065080e+02
3.066082e+02
3.067082e+02
3.068087e+02
3.069100e+02
3.070082e+02
3.071084e+02
3.072084e+02
3.073082e+02
3.074084e+02
3.075085e+02
3.076084e+02
3.077085e+02
3.078086e+02
3.079087e+02
3.080086e+02
3.081085e+02
3.082090e+02
3.083086e+02
3.084085e+02
3.085091e+02
3.086093e+02
3.087087e+02
3.088088e+02
3.089093e+02
3.090088e+02
3.091091e+02
3.092089e+02
3.093089e+02
3.094091e+02
3.095089e+02
3.096090e+02
3.097093e+02
3.098090e+02
3.099099e+02
3.100094e+02
3.101093e+02
3.102100e+02
3.103094e+02
3.104092e+02
3.105099e+02
3.106092e+02
3.107094e+02
3.108093e+02
3.109094e+02
3.110094e+02
3.111095e+02
3.112094e+02
3.113098e+02
3.114095e+02
3.115101e+02
3.116096e+02
3.117096e+02
3.118097e+02
3.119097e+02
3.120098e+02
3.121098e+02
3.122099e+02
3.123098e+02
3.124103e+02
3.125098e+02
3.126100e+02
3.127101e+02
3.128100e+02
3.129100e+02
3.130100e+02
3.131100e+02
3.132102e+02
3.133102e+02
3.134102e+02
3.135104e+02
3.136103e+02
3.137102e+02
3.138102e+02
3.139103e+02
3.140103e+02
3.141103e+02
3.142104e+02
3.143104e+02
3.144104e+02
3.145105e+02
3.146107e+02
3.147105e+02
3.148104e+02
3.149107e+02
3.150106e+02
3.151106e+02
3.152106e+02
3.153108e+02
3.154107e+02
3.155108e+02
3.156108e+02
3.157110e+02
3.158109e+02
3.159109e+02
3.160109e+02
3.161109e+02
3.162110e+02
3.163111e+02
3.164244e+02
3.165112e+02
3.166110e+02
3.167112e+02
3.168111e+02
3.169113e+02
3.170112e+02
3.171111e+02
3.172113e+02
3.173113e+02
3.174114e+02
3.175114e+02
3.176114e+02
3.177114e+02
3.178115e+02
3.179116e+02
3.180117e+02
3.181115e+02
3.182115e+02
3.183115e+02
3.184116e+02
3.185114e+02
3.186119e+02
3.187120e+02
3.188120e+02
3.189122e+02
3.190125e+02
3.191138e+02
3.192124e+02
3.193123e+02
3.194124e+02
3.195118e+02
3.196121e+02
3.197118e+02
3.198118e+02
3.199122e+02
3.200122e+02
3.201123e+02
3.202129e+02
3.203122e+02
3.204123e+02
3.205124e+02
3.206124e+02
3.207124e+02
3.208124e+02
3.209125e+02
3.210125e+02
3.211125e+02
3.212126e+02
3.213129e+02
3.214125e+02
3.215126e+02
3.216126e+02
3.217126e+02
3.218127e+02
3.219128e+02
3.220129e+02
3.221126e+02
3.222129e+02
3.223129e+02
3.224134e+02
3.225130e+02
3.226134e+02
3.227128e+02
3.228129e+02
3.229129e+02
3.230130e+02
3.231131e+02
3.232131e+02
3.233136e+02
3.234134e+02
3.235135e+02
3.236134e+02
3.237132e+02
3.238133e+02
3.239132e+02
3.240204e+02
3.241133e+02
3.242136e+02
3.243134e+02
3.244134e+02
3.245136e+02
3.246136e+02
3.247141e+02
3.248135e+02
3.249135e+02
3.250136e+02
3.251136e+02
3.252136e+02
3.253137e+02
3.254144e+02
3.255139e+02
3.256138e+02
3.257140e+02
3.258161e+02
3.259139e+02
3.260139e+02
3.261140e+02
3.262139e+02
3.263140e+02
3.264140e+02
3.265141e+02
3.266141e+02
3.267141e+02
3.268168e+02
3.269142e+02
3.270141e+02
3.271141e+02
3.272141e+02
3.273142e+02
3.274143e+02
3.275145e+02
3.276206e+02
3.277143e+02
3.278144e+02
3.279149e+02
3.280147e+02
3.281147e+02
3.282152e+02
3.283149e+02
3.284144e+02
3.285146e+02
3.286147e+02
3.287148e+02
3.288147e+02
3.289148e+02
3.290152e+02
3.291152e+02
3.292148e+02
3.293149e+02
3.294148e+02
3.295149e+02
3.296149e+02
3.297149e+02
3.298150e+02
3.299151e+02
3.300151e+02
3.301152e+02
3.302157e+02
3.303172e+02
3.304151e+02
3.305149e+02
3.306152e+02
3.307152e+02
3.308154e+02
3.309157e+02
3.310157e+02
3.311157e+02
3.312155e+02
3.313159e+02
3.314155e+02
3.315155e+02
3.316157e+02
3.317156e+02
3.318156e+02
3.319156e+02
3.320157e+02
3.321158e+02
3.322170e+02
3.323159e+02
3.324162e+02
3.325207e+02
3.326158e+02
3.327159e+02
3.328159e+02
3.329167e+02
3.330169e+02
3.331168e+02
3.332161e+02
3.333161e+02
3.334162e+02
3.335165e+02
3.336161e+02
3.337168e+02
3.338170e+02
3.339168e+02
3.340162e+02
3.341170e+02
3.342164e+02
3.343163e+02
3.344164e+02
3.345165e+02
3.346166e+02
3.347168e+02
3.348171e+02
3.349163e+02
3.350171e+02
3.351166e+02
3.352182e+02
3.353167e+02
3.354167e+02
3.355168e+02
3.356169e+02
3.357177e+02
3.358172e+02
3.359168e+02
3.360169e+02
3.361167e+02
3.362174e+02
3.363171e+02
3.364174e+02
3.365173e+02
3.366172e+02
3.367173e+02
3.368175e+02
3.369178e+02
3.370173e+02
3.371173e+02
3.372175e+02
3.373178e+02
3.374174e+02
3.375176e+02
3.376176e+02
3.377176e+02
3.378176e+02
3.379177e+02
3.380179e+02
3.381173e+02
3.382177e+02
3.383177e+02
3.384180e+02
3.385178e+02
3.386178e+02
3.387179e+02
3.388180e+02
3.389180e+02
3.390180e+02
3.391183e+02
3.392178e+02
3.393178e+02
3.394178e+02
3.395178e+02
3.396180e+02
3.397178e+02
3.398181e+02
3.399180e+02
3.400182e+02
3.401180e+02
3.402184e+02
3.403182e+02
3.404182e+02
3.405182e+02
3.406182e+02
3.407183e+02
3.408184e+02
3.409184e+02
3.410184e+02
3.411185e+02
3.412185e+02
3.413185e+02
3.414204e+02
3.415185e+02
3.416186e+02
3.417185e+02
3.418186e+02
3.419187e+02
3.420187e+02
3.421189e+02
3.422187e+02
3.423189e+02
3.424191e+02
3.425188e+02
3.426189e+02
3.427191e+02
3.428187e+02
3.429191e+02
3.430192e+02
3.431195e+02
3.432191e+02
3.433193e+02
3.434193e+02
3.435193e+02
3.436194e+02
3.437194e+02
3.438193e+02
3.439192e+02
3.440194e+02
3.441194e+02
3.442193e+02
3.443193e+02
3.444194e+02
3.445196e+02
3.446196e+02
3.447208e+02
3.448196e+02
3.449195e+02
3.450196e+02
3.451199e+02
3.452197e+02
3.453198e+02
3.454198e+02
3.455197e+02
3.456201e+02
3.457200e+02
3.458206e+02
3.459201e+02
3.460199e+02
3.461206e+02
3.462197e+02
3.463201e+02
3.464200e+02
3.465199e+02
3.466202e+02
3.467203e+02
3.468202e+02
3.469207e+02
3.470202e+02
3.471203e+02
3.472203e+02
3.473203e+02
3.474204e+02
3.475204e+02
3.476206e+02
3.477204e+02
3.478205e+02
3.479208e+02
3.480209e+02
3.481206e+02
3.482232e+02
3.483206e+02
3.484243e+02
3.485204e+02
3.486206e+02
3.487207e+02
3.488208e+02
3.489323e+02
3.490207e+02
3.491235e+02
3.492212e+02
3.493206e+02
3.494210e+02
3.495210e+02
3.496211e+02
3.497207e+02
3.498210e+02
3.499210e+02
3.500211e+02
3.501210e+02
3.502216e+02
3.503212e+02
3.504212e+02
3.505212e+02
3.506213e+02
3.507213e+02
3.508213e+02
3.509214e+02
3.510218e+02
3.511213e+02
3.512216e+02
3.513221e+02
3.514241e+02
3.515218e+02
3.516219e+02
3.517217e+02
3.518216e+02
3.519217e+02
3.520219e+02
3.521220e+02
3.522221e+02
3.523220e+02
3.524219e+02
3.525219e+02
3.526219e+02
3.527219e+02
3.528220e+02
3.529221e+02
3.530220e+02
3.531224e+02
3.532221e+02
3.533223e+02
3.534219e+02
3.535225e+02
3.536224e+02
3.537225e+02
3.538231e+02
3.539223e+02
3.540228e+02
3.541224e+02
3.542226e+02
3.543224e+02
3.544223e+02
3.545229e+02
3.546230e+02
3.547237e+02
3.548228e+02
3.549225e+02
3.550226e+02
3.551230e+02
3.552227e+02
3.553224e+02
3.554228e+02
3.555227e+02
3.556229e+02
3.557230e+02
3.558237e+02
3.559231e+02
3.560233e+02
3.561236e+02
3.562231e+02
3.563248e+02
3.564226e+02
3.565235e+02
3.566235e+02
3.567234e+02
3.568231e+02
3.569235e+02
3.570234e+02
3.571233e+02
3.572232e+02
3.573238e+02
3.574235e+02
3.575232e+02
3.576232e+02
3.577236e+02
3.578237e+02
3.579238e+02
3.580245e+02
3.581245e+02
3.582246e+02
3.583236e+02
3.584247e+02
3.585237e+02
3.586236e+02
3.587251e+02
3.588237e+02
3.589237e+02
3.590238e+02
3.591243e+02
3.592240e+02
3.593238e+02
3.594249e+02
3.595238e+02
3.596239e+02
3.597239e+02
3.598237e+02
3.599248e+02
3.600242e+02
3.601253e+02
3.602244e+02
3.603243e+02
3.604242e+02
3.605250e+02
3.606244e+02
3.607243e+02
3.608251e+02
3.609243e+02
3.610251e+02
3.611245e+02
3.612252e+02
3.613258e+02
3.614247e+02
3.615252e+02
3.616249e+02
3.617247e+02
3.618245e+02
3.619250e+02
3.620257e+02
3.621250e+02
3.622257e+02
3.623247e+02
3.624251e+02
3.625250e+02
3.626257e+02
3.627364e+02
3.628250e+02
3.629253e+02
3.630252e+02
3.631251e+02
3.632250e+02
3.633254e+02
3.634261e+02
3.635253e+02
3.636258e+02
3.637252e+02
3.638253e+02
3.639253e+02
3.640251e+02
3.641261e+02
3.642254e+02
3.643254e+02
3.644254e+02
3.645257e+02
3.646257e+02
3.647257e+02
3.648256e+02
3.649255e+02
3.650256e+02
3.651256e+02
3.652257e+02
3.653257e+02
3.654257e+02
3.655262e+02
3.656261e+02
3.657258e+02
3.658263e+02
3.659256e+02
3.660259e+02
3.661272e+02
3.662275e+02
3.663269e+02
3.664276e+02
3.665276e+02
3.666280e+02
3.667271e+02
3.668281e+02
3.669265e+02
3.670260e+02
3.671261e+02
3.672260e+02
3.673261e+02
3.674262e+02
3.675262e+02
3.676262e+02
3.677264e+02
3.678263e+02
3.679265e+02
3.680268e+02
3.681266e+02
3.682266e+02
3.683267e+02
3.684267e+02
3.685267e+02
3.686267e+02
3.687267e+02
3.688267e+02
3.689268e+02
3.690326e+02
3.691268e+02
3.692270e+02
3.693267e+02
3.694270e+02
3.695270e+02
3.696323e+02
3.697267e+02
3.698271e+02
3.699266e+02
3.700278e+02
3.701269e+02
3.702271e+02
3.703272e+02
3.704271e+02
3.705271e+02
3.706272e+02
3.707296e+02
3.708274e+02
3.709273e+02
3.710272e+02
3.711272e+02
3.712274e+02
3.713278e+02
3.714288e+02
3.715284e+02
3.716284e+02
3.717287e+02
3.718288e+02
3.719285e+02
3.720299e+02
3.721291e+02
3.722276e+02
3.723277e+02
3.724281e+02
3.725282e+02
3.726302e+02
3.727276e+02
3.728278e+02
3.729277e+02
3.730292e+02
3.731283e+02
