6.066155e-02
1.606061e-01
2.606442e-01
3.607221e-01
4.604785e-01
5.606654e-01
6.605682e-01
7.613728e-01
8.607020e-01
9.605465e-01
1.060944e+00
1.161062e+00
1.261018e+00
1.361059e+00
1.461053e+00
1.561100e+00
1.661143e+00
1.761235e+00
1.861524e+00
1.965051e+00
2.061209e+00
2.161245e+00
2.261344e+00
2.360927e+00
2.472349e+00
2.561055e+00
2.661165e+00
2.761311e+00
2.861809e+00
2.961872e+00
3.062854e+00
3.161372e+00
3.261238e+00
3.361121e+00
3.461506e+00
3.561360e+00
3.662785e+00
3.761720e+00
3.862032e+00
3.964861e+00
4.064035e+00
4.161463e+00
4.263443e+00
4.362059e+00
4.462156e+00
4.561756e+00
4.661931e+00
4.763314e+00
4.862141e+00
4.961635e+00
5.062801e+00
5.165153e+00
5.262697e+00
5.363188e+00
5.462533e+00
5.562615e+00
5.662332e+00
5.762299e+00
5.862625e+00
5.962403e+00
6.062615e+00
6.161897e+00
6.263310e+00
6.363051e+00
6.462393e+00
6.562536e+00
6.663028e+00
6.763909e+00
6.862430e+00
6.962621e+00
7.062740e+00
7.162657e+00
7.264469e+00
7.364101e+00
7.464508e+00
7.562632e+00
7.672991e+00
7.762905e+00
7.862307e+00
7.962489e+00
8.062534e+00
8.162562e+00
8.262974e+00
8.362784e+00
8.463080e+00
8.564009e+00
8.662935e+00
8.762983e+00
8.862854e+00
8.963075e+00
9.063276e+00
9.163277e+00
9.263168e+00
9.363144e+00
9.463113e+00
9.563012e+00
9.663925e+00
9.766262e+00
9.863432e+00
9.962867e+00
1.006843e+01
1.016335e+01
1.026338e+01
1.036350e+01
1.046372e+01
1.056523e+01
1.066400e+01
1.076538e+01
1.086554e+01
1.096328e+01
1.106522e+01
1.116370e+01
1.126396e+01
1.136390e+01
1.146416e+01
1.156478e+01
1.166387e+01
1.176432e+01
1.186450e+01
1.196424e+01
1.206392e+01
1.216378e+01
1.226380e+01
1.236415e+01
1.246396e+01
1.256367e+01
1.266406e+01
1.276416e+01
1.286419e+01
1.296586e+01
1.306516e+01
1.316429e+01
1.326495e+01
1.336452e+01
1.346462e+01
1.356460e+01
1.366452e+01
1.376466e+01
1.386463e+01
1.396481e+01
1.406494e+01
1.416638e+01
1.426423e+01
1.436666e+01
1.446539e+01
1.456679e+01
1.466614e+01
1.476475e+01
1.486442e+01
1.496494e+01
1.506605e+01
1.516726e+01
1.527120e+01
1.536667e+01
1.546690e+01
1.556509e+01
1.566509e+01
1.576517e+01
1.586538e+01
1.596516e+01
1.606777e+01
1.616814e+01
1.626592e+01
1.636501e+01
1.646623e+01
1.656584e+01
1.666497e+01
1.678073e+01
1.686538e+01
1.696675e+01
1.706563e+01
1.716569e+01
1.726597e+01
1.736599e+01
1.746631e+01
1.756729e+01
1.766592e+01
1.776673e+01
1.786582e+01
1.796539e+01
1.806604e+01
1.816597e+01
1.827161e+01
1.836631e+01
1.846644e+01
1.856797e+01
1.866578e+01
1.876621e+01
1.886627e+01
1.896628e+01
1.906624e+01
1.916626e+01
1.926740e+01
1.936679e+01
1.946766e+01
1.957470e+01
1.966749e+01
1.976639e+01
1.986639e+01
1.996614e+01
2.006648e+01
2.016705e+01
2.026687e+01
2.036891e+01
2.046669e+01
2.056696e+01
2.066708e+01
2.076675e+01
2.086655e+01
2.096779e+01
2.106721e+01
2.117000e+01
2.126821e+01
2.136670e+01
2.147006e+01
2.157089e+01
2.166721e+01
2.176718e+01
2.186790e+01
2.196856e+01
2.206690e+01
2.216757e+01
2.226746e+01
2.236735e+01
2.246742e+01
2.257699e+01
2.266690e+01
2.276714e+01
2.286724e+01
2.296718e+01
2.306721e+01
2.316853e+01
2.326733e+01
2.336749e+01
2.346752e+01
2.356756e+01
2.366787e+01
2.376749e+01
2.386766e+01
2.396754e+01
2.406767e+01
2.416759e+01
2.426768e+01
2.436767e+01
2.446772e+01
2.456775e+01
2.466792e+01
2.476824e+01
2.486779e+01
2.496780e+01
2.506783e+01
2.516790e+01
2.526788e+01
2.536796e+01
2.546796e+01
2.556825e+01
2.566811e+01
2.576828e+01
2.586848e+01
2.596833e+01
2.606925e+01
2.616832e+01
2.626798e+01
2.636839e+01
2.646847e+01
2.656843e+01
2.666853e+01
2.676864e+01
2.686839e+01
2.696908e+01
2.707262e+01
2.716828e+01
2.726857e+01
2.736865e+01
2.746877e+01
2.756869e+01
2.766865e+01
2.776867e+01
2.786883e+01
2.796884e+01
2.806895e+01
2.816950e+01
2.826879e+01
2.836897e+01
2.846892e+01
2.856894e+01
2.866893e+01
2.876895e+01
2.886966e+01
2.896916e+01
2.906899e+01
2.916926e+01
2.926970e+01
2.936925e+01
2.946923e+01
2.956961e+01
2.966941e+01
2.981313e+01
2.986924e+01
2.996949e+01
3.006969e+01
3.016973e+01
3.027020e+01
3.036959e+01
3.046957e+01
3.056951e+01
3.066952e+01
3.076931e+01
3.086967e+01
3.097007e+01
3.106956e+01
3.117021e+01
3.127261e+01
3.136990e+01
3.147006e+01
3.156996e+01
3.167020e+01
3.177012e+01
3.187010e+01
3.197009e+01
3.207008e+01
3.217041e+01
3.227022e+01
3.237020e+01
3.247031e+01
3.257132e+01
3.267025e+01
3.277029e+01
3.287036e+01
3.297035e+01
3.307044e+01
3.317048e+01
3.327048e+01
3.337046e+01
3.347072e+01
3.357078e+01
3.367130e+01
3.377059e+01
3.387026e+01
3.397057e+01
3.407064e+01
3.417062e+01
3.427074e+01
3.437070e+01
3.447085e+01
3.457100e+01
3.467083e+01
3.477154e+01
3.487118e+01
3.497121e+01
3.507099e+01
3.517103e+01
3.527102e+01
3.537108e+01
3.547143e+01
3.557126e+01
3.567127e+01
3.577120e+01
3.587177e+01
3.597324e+01
3.607130e+01
3.617121e+01
3.627125e+01
3.637141e+01
3.647134e+01
3.657168e+01
3.667213e+01
3.677154e+01
3.687175e+01
3.697210e+01
3.707277e+01
3.717174e+01
3.728005e+01
3.737152e+01
3.747175e+01
3.757177e+01
3.767271e+01
3.777258e+01
3.787252e+01
3.797231e+01
3.807346e+01
3.817242e+01
3.827206e+01
3.837282e+01
3.847209e+01
3.857205e+01
3.867197e+01
3.877278e+01
3.887195e+01
3.897287e+01
3.907215e+01
3.917235e+01
3.927321e+01
3.937290e+01
3.947208e+01
3.957226e+01
3.967215e+01
3.977221e+01
3.987227e+01
3.997283e+01
4.007333e+01
4.017252e+01
4.027251e+01
4.037325e+01
4.047293e+01
4.057245e+01
4.067265e+01
4.077260e+01
4.087261e+01
4.097268e+01
4.107288e+01
4.117265e+01
4.127295e+01
4.137279e+01
4.147322e+01
4.157272e+01
4.167278e+01
4.177362e+01
4.187279e+01
4.197294e+01
4.207293e+01
4.217288e+01
4.227300e+01
4.237307e+01
4.247306e+01
4.257351e+01
4.267300e+01
4.277316e+01
4.287316e+01
4.297308e+01
4.307312e+01
4.317325e+01
4.327330e+01
4.337327e+01
4.347319e+01
4.357342e+01
4.367335e+01
4.377362e+01
4.387372e+01
4.397375e+01
4.407324e+01
4.417380e+01
4.427377e+01
4.437391e+01
4.447391e+01
4.457403e+01
4.467398e+01
4.477433e+01
4.487404e+01
4.497396e+01
4.507398e+01
4.517403e+01
4.527411e+01
4.537410e+01
4.547414e+01
4.557418e+01
4.567415e+01
4.577420e+01
4.587460e+01
4.597432e+01
4.607424e+01
4.617411e+01
4.627418e+01
4.637423e+01
4.647433e+01
4.657434e+01
4.667450e+01
4.677459e+01
4.687464e+01
4.697483e+01
4.707462e+01
4.717458e+01
4.727452e+01
4.737459e+01
4.747464e+01
4.757467e+01
4.767461e+01
4.777469e+01
4.787483e+01
4.797482e+01
4.807510e+01
4.817634e+01
4.827444e+01
4.837480e+01
4.847492e+01
4.857488e+01
4.867501e+01
4.877508e+01
4.887511e+01
4.897509e+01
4.907508e+01
4.917533e+01
4.927573e+01
4.937514e+01
4.947525e+01
4.957516e+01
4.967519e+01
4.977522e+01
4.987528e+01
4.997534e+01
5.007546e+01
5.017548e+01
5.027551e+01
5.037566e+01
5.047541e+01
5.058049e+01
5.067523e+01
5.077545e+01
5.087560e+01
5.097559e+01
5.107554e+01
5.117574e+01
5.127576e+01
5.137591e+01
5.147628e+01
5.157569e+01
5.167576e+01
5.177577e+01
5.187580e+01
5.197588e+01
5.207615e+01
5.217596e+01
5.227635e+01
5.237598e+01
5.247584e+01
5.257658e+01
5.267612e+01
5.277604e+01
5.287611e+01
5.297617e+01
5.307622e+01
5.317589e+01
5.327635e+01
5.337618e+01
5.347642e+01
5.357638e+01
5.367662e+01
5.377642e+01
5.387645e+01
5.397647e+01
5.407602e+01
5.417665e+01
5.427659e+01
5.437686e+01
5.447661e+01
5.457667e+01
5.467682e+01
5.477698e+01
5.487690e+01
5.497680e+01
5.507679e+01
5.517689e+01
5.527682e+01
5.537686e+01
5.547684e+01
5.557711e+01
5.567705e+01
5.577713e+01
5.587708e+01
5.597723e+01
5.607714e+01
5.617721e+01
5.627742e+01
5.637747e+01
5.647721e+01
5.657747e+01
5.667748e+01
5.677750e+01
5.687746e+01
5.697819e+01
5.707768e+01
5.717750e+01
5.727771e+01
5.737778e+01
5.747775e+01
5.757750e+01
5.767798e+01
5.777828e+01
5.787817e+01
5.797839e+01
5.807842e+01
5.817842e+01
5.827774e+01
5.837817e+01
5.848853e+01
5.857852e+01
5.867801e+01
5.877877e+01
5.887856e+01
5.897807e+01
5.907851e+01
5.917874e+01
5.927973e+01
5.937835e+01
5.947849e+01
5.957875e+01
5.967826e+01
5.977867e+01
5.987874e+01
5.997877e+01
6.007869e+01
6.017832e+01
6.027892e+01
6.037908e+01
6.047871e+01
6.057883e+01
6.067878e+01
6.077861e+01
6.087861e+01
6.097900e+01
6.107867e+01
6.117883e+01
6.127916e+01
6.137944e+01
6.147996e+01
6.157865e+01
6.167917e+01
6.177874e+01
6.187897e+01
6.197903e+01
6.207906e+01
6.217974e+01
6.227954e+01
6.237934e+01
6.247904e+01
6.257983e+01
6.268031e+01
6.277928e+01
6.287926e+01
6.297941e+01
6.307934e+01
6.317916e+01
6.327934e+01
6.337937e+01
6.347956e+01
6.357928e+01
6.367964e+01
6.377941e+01
6.388005e+01
6.397935e+01
6.407945e+01
6.417959e+01
6.427910e+01
6.438001e+01
6.448087e+01
6.457975e+01
6.467943e+01
6.478179e+01
6.488086e+01
6.497990e+01
6.507993e+01
6.518347e+01
6.528091e+01
6.538006e+01
6.548117e+01
6.558004e+01
6.567966e+01
6.578014e+01
6.588189e+01
6.598166e+01
6.607971e+01
6.618098e+01
6.628114e+01
6.638021e+01
6.648026e+01
6.658034e+01
6.668028e+01
6.678108e+01
6.688124e+01
6.698165e+01
6.708085e+01
6.718045e+01
6.728433e+01
6.738023e+01
6.748036e+01
6.758048e+01
6.768077e+01
6.778052e+01
6.788058e+01
6.798070e+01
6.808068e+01
6.818119e+01
6.828065e+01
6.838066e+01
6.848054e+01
6.858071e+01
6.868076e+01
6.878069e+01
6.888076e+01
6.898087e+01
6.908096e+01
6.918130e+01
6.928076e+01
6.938102e+01
6.948101e+01
6.958119e+01
6.968100e+01
6.978104e+01
6.988122e+01
6.998113e+01
7.008116e+01
7.018130e+01
7.028132e+01
7.038102e+01
7.048134e+01
7.058148e+01
7.068107e+01
7.078107e+01
7.090521e+01
7.098132e+01
7.108162e+01
7.118165e+01
7.128163e+01
7.138177e+01
7.148244e+01
7.158130e+01
7.168135e+01
7.178323e+01
7.188196e+01
7.198184e+01
7.208183e+01
7.218190e+01
7.228209e+01
7.238199e+01
7.248196e+01
7.258265e+01
7.268216e+01
7.278210e+01
7.288208e+01
7.298209e+01
7.308213e+01
7.318221e+01
7.328218e+01
7.338246e+01
7.348242e+01
7.358247e+01
7.368254e+01
7.378266e+01
7.388242e+01
7.398248e+01
7.408264e+01
7.418259e+01
7.428272e+01
7.438265e+01
7.448284e+01
7.458851e+01
7.468253e+01
7.478294e+01
7.488289e+01
7.498248e+01
7.508278e+01
7.518286e+01
7.528288e+01
7.538289e+01
7.548312e+01
7.558308e+01
7.568295e+01
7.578307e+01
7.588366e+01
7.598472e+01
7.608319e+01
7.618312e+01
7.629258e+01
7.638293e+01
7.648296e+01
7.658273e+01
7.668321e+01
7.678342e+01
7.688332e+01
7.698339e+01
7.708395e+01
7.718335e+01
7.728341e+01
7.738346e+01
7.748347e+01
7.758351e+01
7.768350e+01
7.778361e+01
7.788371e+01
7.798360e+01
7.808388e+01
7.818472e+01
7.828357e+01
7.838368e+01
7.848368e+01
7.858343e+01
7.868363e+01
7.878369e+01
7.888375e+01
7.898381e+01
7.908390e+01
7.918396e+01
7.928447e+01
7.938395e+01
7.948410e+01
7.958393e+01
7.968410e+01
7.978415e+01
7.988425e+01
7.998422e+01
8.008423e+01
8.018423e+01
8.028414e+01
8.038486e+01
8.048435e+01
8.058433e+01
8.068438e+01
8.078459e+01
8.088448e+01
8.098465e+01
8.108470e+01
8.118460e+01
8.128473e+01
8.138479e+01
8.148510e+01
8.158483e+01
8.168468e+01
8.178479e+01
8.188475e+01
8.198486e+01
8.208489e+01
8.218497e+01
8.228493e+01
8.238475e+01
8.248534e+01
8.258510e+01
8.268520e+01
8.278505e+01
8.288520e+01
8.298519e+01
8.308521e+01
8.318532e+01
8.328530e+01
8.338522e+01
8.348536e+01
8.358566e+01
8.368568e+01
8.378560e+01
8.388563e+01
8.398566e+01
8.408564e+01
8.418550e+01
8.428579e+01
8.438570e+01
8.448571e+01
8.458583e+01
8.468599e+01
8.478585e+01
8.488594e+01
8.498584e+01
8.508607e+01
8.518581e+01
8.528589e+01
8.538668e+01
8.548592e+01
8.558618e+01
8.568598e+01
8.578637e+01
8.588638e+01
8.598644e+01
8.608617e+01
8.618605e+01
8.628618e+01
8.638607e+01
8.648598e+01
8.658621e+01
8.668626e+01
8.678676e+01
8.688658e+01
8.698644e+01
8.708719e+01
8.718633e+01
8.728659e+01
8.738584e+01
8.748625e+01
8.758709e+01
8.768638e+01
8.778664e+01
8.788636e+01
8.798646e+01
8.808676e+01
8.818732e+01
8.828652e+01
8.838653e+01
8.848664e+01
8.858667e+01
8.868655e+01
8.878666e+01
8.888679e+01
8.898695e+01
8.910101e+01
8.918757e+01
8.928727e+01
8.938682e+01
8.948695e+01
8.958790e+01
8.968698e+01
8.978694e+01
8.988707e+01
8.998696e+01
9.008698e+01
9.018794e+01
9.028741e+01
9.038747e+01
9.048707e+01
9.059262e+01
9.068704e+01
9.078744e+01
9.088705e+01
9.098734e+01
9.108734e+01
9.118744e+01
9.128824e+01
9.138759e+01
9.148793e+01
9.158824e+01
9.168822e+01
9.178779e+01
9.188769e+01
9.198781e+01
9.208766e+01
9.218773e+01
9.228774e+01
9.238794e+01
9.248784e+01
9.258835e+01
9.268801e+01
9.279271e+01
9.288775e+01
9.298819e+01
9.308843e+01
9.318813e+01
9.328827e+01
9.338869e+01
9.348846e+01
9.358863e+01
9.368921e+01
9.378852e+01
9.388831e+01
9.398858e+01
9.408849e+01
9.418853e+01
9.428862e+01
9.438851e+01
9.448872e+01
9.458845e+01
9.468879e+01
9.478870e+01
9.488850e+01
9.498847e+01
9.508853e+01
9.518862e+01
9.528859e+01
9.538865e+01
9.548874e+01
9.558877e+01
9.568896e+01
9.578879e+01
9.588894e+01
9.598886e+01
9.610035e+01
9.618866e+01
9.628885e+01
9.638891e+01
9.648905e+01
9.658899e+01
9.668907e+01
9.678910e+01
9.688912e+01
9.698967e+01
9.708920e+01
9.718886e+01
9.728924e+01
9.738925e+01
9.748931e+01
9.758905e+01
9.768927e+01
9.778945e+01
9.788917e+01
9.798955e+01
9.808983e+01
9.818952e+01
9.828946e+01
9.838948e+01
9.848960e+01
9.858959e+01
9.868975e+01
9.878958e+01
9.888975e+01
9.899237e+01
9.908964e+01
9.918967e+01
9.928964e+01
9.938968e+01
9.949226e+01
9.959032e+01
9.969018e+01
9.979020e+01
9.989047e+01
9.999000e+01
1.000902e+02
1.001900e+02
1.002904e+02
1.003902e+02
1.004902e+02
1.005903e+02
1.006902e+02
1.007903e+02
1.008903e+02
1.009904e+02
1.010904e+02
1.011905e+02
1.012905e+02
1.013905e+02
1.014908e+02
1.015905e+02
1.016916e+02
1.017906e+02
1.018905e+02
1.019906e+02
1.020907e+02
1.021908e+02
1.022908e+02
1.023911e+02
1.024909e+02
1.025908e+02
1.026909e+02
1.027915e+02
1.028913e+02
1.030009e+02
1.030907e+02
1.031911e+02
1.032911e+02
1.033912e+02
1.034911e+02
1.035917e+02
1.036912e+02
1.037914e+02
1.038917e+02
1.039917e+02
1.040914e+02
1.041914e+02
1.042918e+02
1.043914e+02
1.044915e+02
1.045914e+02
1.046916e+02
1.047913e+02
1.048915e+02
1.049927e+02
1.050917e+02
1.051915e+02
1.052919e+02
1.053919e+02
1.054920e+02
1.055920e+02
1.056924e+02
1.057923e+02
1.058923e+02
1.059924e+02
1.060927e+02
1.061924e+02
1.062922e+02
1.063926e+02
1.064922e+02
1.065924e+02
1.066923e+02
1.067924e+02
1.068926e+02
1.069924e+02
1.070922e+02
1.071930e+02
1.072928e+02
1.073927e+02
1.074927e+02
1.075926e+02
1.076926e+02
1.077928e+02
1.078925e+02
1.079926e+02
1.080926e+02
1.081925e+02
1.082930e+02
1.083935e+02
1.084926e+02
1.085926e+02
1.086927e+02
1.087927e+02
1.088931e+02
1.089930e+02
1.090926e+02
1.091929e+02
1.092929e+02
1.093930e+02
1.094935e+02
1.095931e+02
1.096928e+02
1.097929e+02
1.098931e+02
1.099932e+02
1.100931e+02
1.101931e+02
1.102932e+02
1.103934e+02
1.104933e+02
1.105941e+02
1.106933e+02
1.107932e+02
1.108932e+02
1.109934e+02
1.110935e+02
1.111934e+02
1.112934e+02
1.113934e+02
1.114934e+02
1.115936e+02
1.116941e+02
1.117939e+02
1.118936e+02
1.119943e+02
1.120941e+02
1.121937e+02
1.122936e+02
1.123940e+02
1.124938e+02
1.125935e+02
1.126937e+02
1.127940e+02
1.128962e+02
1.129938e+02
1.130939e+02
1.131939e+02
1.132939e+02
1.133940e+02
1.134949e+02
1.135940e+02
1.136941e+02
1.137941e+02
1.138943e+02
1.139954e+02
1.140950e+02
1.141942e+02
1.142942e+02
1.143942e+02
1.144952e+02
1.145944e+02
1.146949e+02
1.147952e+02
1.148945e+02
1.149947e+02
1.150946e+02
1.152012e+02
1.152944e+02
1.153947e+02
1.154957e+02
1.155954e+02
1.156948e+02
1.157947e+02
1.158954e+02
1.159948e+02
1.160948e+02
1.161951e+02
1.162948e+02
1.163950e+02
1.164949e+02
1.165958e+02
1.166957e+02
1.167952e+02
1.169169e+02
1.169947e+02
1.170953e+02
1.171955e+02
1.172959e+02
1.173951e+02
1.174954e+02
1.175958e+02
1.176952e+02
1.177953e+02
1.178960e+02
1.179959e+02
1.180952e+02
1.181956e+02
1.182952e+02
1.183965e+02
1.184956e+02
1.185955e+02
1.186956e+02
1.187961e+02
1.188960e+02
1.189955e+02
1.190956e+02
1.191956e+02
1.192959e+02
1.193958e+02
1.194963e+02
1.195958e+02
1.196960e+02
1.197958e+02
1.198961e+02
1.199959e+02
1.200960e+02
1.201960e+02
1.202956e+02
1.203962e+02
1.204957e+02
1.205965e+02
1.206960e+02
1.207960e+02
1.208962e+02
1.209961e+02
1.210962e+02
1.211962e+02
1.212962e+02
1.213962e+02
1.214963e+02
1.215965e+02
1.216966e+02
1.217967e+02
1.218967e+02
1.219966e+02
1.220968e+02
1.221966e+02
1.222967e+02
1.223967e+02
1.224968e+02
1.225969e+02
1.226969e+02
1.227970e+02
1.228970e+02
1.229969e+02
1.230970e+02
1.231968e+02
1.232968e+02
1.233970e+02
1.234969e+02
1.235970e+02
1.236969e+02
1.237969e+02
1.238970e+02
1.239972e+02
1.240971e+02
1.241972e+02
1.242973e+02
1.243973e+02
1.244973e+02
1.245973e+02
1.246973e+02
1.247975e+02
1.248976e+02
1.249978e+02
1.250981e+02
1.251976e+02
1.252976e+02
1.253977e+02
1.254977e+02
1.255978e+02
1.257008e+02
1.257974e+02
1.258978e+02
1.260090e+02
1.260977e+02
1.261989e+02
1.262978e+02
1.263979e+02
1.264982e+02
1.265980e+02
1.266979e+02
1.267978e+02
1.268978e+02
1.269981e+02
1.270980e+02
1.271981e+02
1.272987e+02
1.273980e+02
1.274980e+02
1.275981e+02
1.276981e+02
1.277982e+02
1.278983e+02
1.279982e+02
1.281029e+02
1.281981e+02
1.282986e+02
1.283991e+02
1.284984e+02
1.285984e+02
1.286984e+02
1.287985e+02
1.288985e+02
1.289985e+02
1.290986e+02
1.291987e+02
1.292989e+02
1.293989e+02
1.294995e+02
1.295987e+02
1.296988e+02
1.297988e+02
1.298989e+02
1.299989e+02
1.300992e+02
1.301992e+02
1.302990e+02
1.303990e+02
1.304997e+02
1.305997e+02
1.306992e+02
1.307995e+02
1.308993e+02
1.309996e+02
1.310994e+02
1.311993e+02
1.312992e+02
1.313996e+02
1.314995e+02
1.315996e+02
1.317003e+02
1.317996e+02
1.318996e+02
1.319996e+02
1.320996e+02
1.321998e+02
1.322997e+02
1.324000e+02
1.325000e+02
1.326000e+02
1.327001e+02
1.328008e+02
1.329021e+02
1.329998e+02
1.331001e+02
1.332005e+02
1.333005e+02
1.334004e+02
1.335166e+02
1.336007e+02
1.336999e+02
1.338008e+02
1.339007e+02
1.340013e+02
1.341005e+02
1.342006e+02
1.343002e+02
1.344001e+02
1.345006e+02
1.346007e+02
1.347011e+02
1.348007e+02
1.349008e+02
1.350010e+02
1.351005e+02
1.352011e+02
1.353011e+02
1.354003e+02
1.355011e+02
1.356010e+02
1.357009e+02
1.358009e+02
1.359009e+02
1.360013e+02
1.361010e+02
1.362018e+02
1.363012e+02
1.364008e+02
1.365009e+02
1.366013e+02
1.367011e+02
1.368010e+02
1.369012e+02
1.370030e+02
1.371016e+02
1.372011e+02
1.373015e+02
1.374011e+02
1.375010e+02
1.376011e+02
1.377025e+02
1.378013e+02
1.379024e+02
1.380014e+02
1.381016e+02
1.382015e+02
1.383011e+02
1.384012e+02
1.385027e+02
1.386011e+02
1.387009e+02
1.388025e+02
1.389021e+02
1.390012e+02
1.391015e+02
1.392025e+02
1.393027e+02
1.394015e+02
1.395036e+02
1.396087e+02
1.397018e+02
1.398020e+02
1.399023e+02
1.400019e+02
1.401018e+02
1.402029e+02
1.403029e+02
1.404020e+02
1.405033e+02
1.406035e+02
1.407032e+02
1.408026e+02
1.409029e+02
1.410022e+02
1.411021e+02
1.412022e+02
1.413284e+02
1.414021e+02
1.415024e+02
1.416031e+02
1.417027e+02
1.418026e+02
1.419025e+02
1.420022e+02
1.421030e+02
1.422026e+02
1.423030e+02
1.424028e+02
1.425025e+02
1.426028e+02
1.427025e+02
1.428031e+02
1.429031e+02
1.430022e+02
1.431027e+02
1.432028e+02
1.433029e+02
1.434030e+02
1.435030e+02
1.436030e+02
1.437030e+02
1.438033e+02
1.439033e+02
1.440038e+02
1.441031e+02
1.442027e+02
1.443032e+02
1.444031e+02
1.445032e+02
1.446032e+02
1.447034e+02
1.448033e+02
1.449034e+02
1.450034e+02
1.451039e+02
1.452030e+02
1.453033e+02
1.454036e+02
1.455034e+02
1.456034e+02
1.457035e+02
1.458036e+02
1.459035e+02
1.460034e+02
1.461039e+02
1.462042e+02
1.463037e+02
1.464037e+02
1.465037e+02
1.466037e+02
1.467039e+02
1.468038e+02
1.469039e+02
1.470039e+02
1.471039e+02
1.472042e+02
1.473047e+02
1.474038e+02
1.475039e+02
1.476040e+02
1.477040e+02
1.478041e+02
1.479043e+02
1.480041e+02
1.481042e+02
1.482043e+02
1.483043e+02
1.484047e+02
1.485043e+02
1.486040e+02
1.487043e+02
1.488044e+02
1.489044e+02
1.490045e+02
1.491046e+02
1.492045e+02
1.493045e+02
1.494046e+02
1.495049e+02
1.496047e+02
1.497046e+02
1.498047e+02
1.499047e+02
1.500048e+02
1.501047e+02
1.502047e+02
1.503048e+02
1.504049e+02
1.505050e+02
1.506051e+02
1.507051e+02
1.508047e+02
1.509050e+02
1.510050e+02
1.511051e+02
1.512051e+02
1.513052e+02
1.514052e+02
1.515052e+02
1.516053e+02
1.517054e+02
1.518058e+02
1.519053e+02
1.520053e+02
1.521053e+02
1.522053e+02
1.523055e+02
1.524055e+02
1.525057e+02
1.526057e+02
1.527059e+02
1.528059e+02
1.529060e+02
1.530059e+02
1.531059e+02
1.532059e+02
1.533060e+02
1.534059e+02
1.535061e+02
1.536061e+02
1.537061e+02
1.538062e+02
1.539062e+02
1.540069e+02
1.541062e+02
1.542061e+02
1.543064e+02
1.544063e+02
1.545064e+02
1.546065e+02
1.547064e+02
1.548064e+02
1.549065e+02
1.550065e+02
1.551070e+02
1.552066e+02
1.553067e+02
1.554063e+02
1.555063e+02
1.556064e+02
1.557066e+02
1.558065e+02
1.559065e+02
1.560064e+02
1.561067e+02
1.562076e+02
1.563066e+02
1.564088e+02
1.565063e+02
1.566069e+02
1.567066e+02
1.568068e+02
1.569068e+02
1.570068e+02
1.571072e+02
1.572074e+02
1.573112e+02
1.574067e+02
1.575072e+02
1.576071e+02
1.577071e+02
1.578068e+02
1.579070e+02
1.580073e+02
1.581072e+02
1.582074e+02
1.583075e+02
1.584081e+02
1.585074e+02
1.586076e+02
1.587075e+02
1.588076e+02
1.589075e+02
1.590072e+02
1.591075e+02
1.592074e+02
1.593078e+02
1.594131e+02
1.595080e+02
1.596077e+02
1.597077e+02
1.598078e+02
1.599078e+02
1.600079e+02
1.601081e+02
1.602079e+02
1.603079e+02
1.604080e+02
1.605124e+02
1.606082e+02
1.607090e+02
1.608085e+02
1.609081e+02
1.610080e+02
1.611082e+02
1.612083e+02
1.613083e+02
1.614079e+02
1.615088e+02
1.616084e+02
1.617085e+02
1.618079e+02
1.619083e+02
1.620083e+02
1.621087e+02
1.622085e+02
1.623106e+02
1.624088e+02
1.625085e+02
1.626087e+02
1.627089e+02
1.628090e+02
1.629111e+02
1.630088e+02
1.631088e+02
1.632088e+02
1.633088e+02
1.634088e+02
1.635090e+02
1.636090e+02
1.637092e+02
1.638093e+02
1.639168e+02
1.640094e+02
1.641091e+02
1.642098e+02
1.643092e+02
1.644093e+02
1.645092e+02
1.646093e+02
1.647092e+02
1.648090e+02
1.649097e+02
1.650096e+02
1.651106e+02
1.652095e+02
1.653096e+02
1.654091e+02
1.655094e+02
1.656094e+02
1.657097e+02
1.658096e+02
1.659096e+02
1.660102e+02
1.661097e+02
1.662101e+02
1.663096e+02
1.664104e+02
1.665097e+02
1.666098e+02
1.667098e+02
1.668099e+02
1.669099e+02
1.670108e+02
1.671099e+02
1.672129e+02
1.673103e+02
1.674110e+02
1.675101e+02
1.676101e+02
1.677101e+02
1.678108e+02
1.679163e+02
1.680099e+02
1.681100e+02
1.682101e+02
1.683102e+02
1.684109e+02
1.685102e+02
1.686103e+02
1.687103e+02
1.688103e+02
1.689103e+02
1.690104e+02
1.691104e+02
1.692109e+02
1.693108e+02
1.694108e+02
1.695111e+02
1.696106e+02
1.697107e+02
1.698108e+02
1.699108e+02
1.700109e+02
1.701109e+02
1.702106e+02
1.703109e+02
1.704109e+02
1.705209e+02
1.706111e+02
1.707168e+02
1.708107e+02
1.709108e+02
1.710109e+02
1.711109e+02
1.712110e+02
1.713110e+02
1.714111e+02
1.715112e+02
1.716114e+02
1.717114e+02
1.718114e+02
1.719113e+02
1.720114e+02
1.721114e+02
1.722114e+02
1.723114e+02
1.724114e+02
1.725114e+02
1.726114e+02
1.727115e+02
1.728118e+02
1.729116e+02
1.730116e+02
1.731117e+02
1.732118e+02
1.733119e+02
1.734118e+02
1.735119e+02
1.736119e+02
1.737119e+02
1.738121e+02
1.739118e+02
1.740116e+02
1.741118e+02
1.742119e+02
1.743119e+02
1.744120e+02
1.745119e+02
1.746121e+02
1.747121e+02
1.748122e+02
1.749123e+02
1.750123e+02
1.751133e+02
1.752118e+02
1.753123e+02
1.754122e+02
1.755122e+02
1.756124e+02
1.757124e+02
1.758125e+02
1.759126e+02
1.760123e+02
1.761126e+02
1.762132e+02
1.763124e+02
1.764125e+02
1.765127e+02
1.766125e+02
1.767126e+02
1.768127e+02
1.769127e+02
1.770129e+02
1.771129e+02
1.772129e+02
1.773133e+02
1.774130e+02
1.775129e+02
1.776132e+02
1.777129e+02
1.778130e+02
1.779130e+02
1.780131e+02
1.781133e+02
1.782131e+02
1.783135e+02
1.784134e+02
1.785131e+02
1.786133e+02
1.787132e+02
1.788132e+02
1.789133e+02
1.790135e+02
1.791133e+02
1.792135e+02
1.793135e+02
1.794135e+02
1.795137e+02
1.796135e+02
1.797139e+02
1.798136e+02
1.799135e+02
1.800137e+02
1.801137e+02
1.802137e+02
1.803138e+02
1.804142e+02
1.805139e+02
1.806141e+02
1.807139e+02
1.808137e+02
1.809138e+02
1.810136e+02
1.811144e+02
1.812139e+02
1.813140e+02
