5.433869e-02
1.554756e-01
2.537944e-01
3.535292e-01
4.534407e-01
5.539007e-01
6.540887e-01
7.541006e-01
8.538451e-01
9.543982e-01
1.054149e+00
1.153830e+00
1.253768e+00
1.354203e+00
1.454443e+00
1.553998e+00
1.655024e+00
1.754383e+00
1.865880e+00
1.954018e+00
2.053867e+00
2.155847e+00
2.255075e+00
2.356110e+00
2.456537e+00
2.556700e+00
2.654955e+00
2.761928e+00
2.855226e+00
2.955532e+00
3.054746e+00
3.156878e+00
3.255454e+00
3.354865e+00
3.455115e+00
3.554596e+00
3.656116e+00
3.756382e+00
3.856203e+00
3.958684e+00
4.057212e+00
4.154927e+00
4.254790e+00
4.354570e+00
4.454620e+00
4.554865e+00
4.654815e+00
4.754761e+00
4.855037e+00
4.954895e+00
5.054727e+00
5.154942e+00
5.254877e+00
5.357393e+00
5.456522e+00
5.556070e+00
5.655028e+00
5.755183e+00
5.855030e+00
5.955083e+00
6.055107e+00
6.155092e+00
6.261478e+00
6.357129e+00
6.455289e+00
6.555224e+00
6.655246e+00
6.755332e+00
6.855353e+00
6.955281e+00
7.056467e+00
7.155828e+00
7.256140e+00
7.355409e+00
7.455238e+00
7.555594e+00
7.655498e+00
7.755711e+00
7.855724e+00
7.956989e+00
8.055783e+00
8.156638e+00
8.255890e+00
8.357074e+00
8.455803e+00
8.555923e+00
8.658894e+00
8.757932e+00
8.855877e+00
8.956153e+00
9.055780e+00
9.155985e+00
9.259505e+00
9.357915e+00
9.462150e+00
9.556728e+00
9.656419e+00
9.758148e+00
9.856147e+00
9.956820e+00
1.005606e+01
1.015650e+01
1.026179e+01
1.035976e+01
1.045640e+01
1.055667e+01
1.065626e+01
1.075652e+01
1.085664e+01
1.095718e+01
1.105819e+01
1.116143e+01
1.126273e+01
1.135758e+01
1.145668e+01
1.155662e+01
1.165667e+01
1.176128e+01
1.186007e+01
1.195724e+01
1.205657e+01
1.215695e+01
1.225691e+01
1.235674e+01
1.245699e+01
1.255752e+01
1.265815e+01
1.275739e+01
1.285814e+01
1.295728e+01
1.305709e+01
1.315725e+01
1.325740e+01
1.335795e+01
1.345945e+01
1.356091e+01
1.365757e+01
1.375783e+01
1.385754e+01
1.395756e+01
1.405739e+01
1.415792e+01
1.426092e+01
1.435824e+01
1.445975e+01
1.455775e+01
1.465774e+01
1.475778e+01
1.485905e+01
1.495884e+01
1.505993e+01
1.516095e+01
1.525792e+01
1.535817e+01
1.545790e+01
1.555905e+01
1.565823e+01
1.575894e+01
1.586010e+01
1.595860e+01
1.605860e+01
1.615830e+01
1.625961e+01
1.635823e+01
1.646258e+01
1.656492e+01
1.665844e+01
1.675864e+01
1.685830e+01
1.695893e+01
1.705827e+01
1.715842e+01
1.726142e+01
1.736647e+01
1.746068e+01
1.755887e+01
1.765855e+01
1.776260e+01
1.785858e+01
1.795888e+01
1.805876e+01
1.816129e+01
1.826052e+01
1.836018e+01
1.845965e+01
1.855895e+01
1.865877e+01
1.875881e+01
1.885894e+01
1.896730e+01
1.906162e+01
1.915916e+01
1.925896e+01
1.935974e+01
1.945896e+01
1.955922e+01
1.965910e+01
1.976227e+01
1.986009e+01
1.996030e+01
2.006026e+01
2.015966e+01
2.025926e+01
2.036182e+01
2.045932e+01
2.056380e+01
2.065960e+01
2.076061e+01
2.085950e+01
2.096037e+01
2.105954e+01
2.115946e+01
2.125967e+01
2.136014e+01
2.146090e+01
2.156372e+01
2.166026e+01
2.175990e+01
2.186012e+01
2.195967e+01
2.206108e+01
2.216257e+01
2.226156e+01
2.236223e+01
2.246006e+01
2.256004e+01
2.266186e+01
2.276122e+01
2.286577e+01
2.296078e+01
2.306291e+01
2.316082e+01
2.326012e+01
2.336237e+01
2.346224e+01
2.356222e+01
2.366062e+01
2.376208e+01
2.386797e+01
2.397811e+01
2.406044e+01
2.416049e+01
2.426042e+01
2.436067e+01
2.446146e+01
2.456083e+01
2.466098e+01
2.476354e+01
2.486336e+01
2.496096e+01
2.506069e+01
2.516083e+01
2.526914e+01
2.536148e+01
2.546091e+01
2.556123e+01
2.566100e+01
2.576105e+01
2.586077e+01
2.596092e+01
2.606293e+01
2.616156e+01
2.626074e+01
2.636126e+01
2.646134e+01
2.656144e+01
2.666177e+01
2.676259e+01
2.686142e+01
2.696140e+01
2.706181e+01
2.716146e+01
2.726166e+01
2.736144e+01
2.746176e+01
2.756163e+01
2.766304e+01
2.776221e+01
2.786251e+01
2.796173e+01
2.806140e+01
2.816150e+01
2.826162e+01
2.836220e+01
2.846223e+01
2.856177e+01
2.866177e+01
2.876303e+01
2.886216e+01
2.896203e+01
2.906274e+01
2.916191e+01
2.926190e+01
2.936199e+01
2.946221e+01
2.956231e+01
2.966212e+01
2.976228e+01
2.986323e+01
2.996965e+01
3.006246e+01
3.016213e+01
3.026212e+01
3.036200e+01
3.046208e+01
3.056226e+01
3.066238e+01
3.076241e+01
3.086248e+01
3.096263e+01
3.106264e+01
3.116277e+01
3.126260e+01
3.136261e+01
3.146280e+01
3.156283e+01
3.166272e+01
3.176276e+01
3.186292e+01
3.196293e+01
3.206293e+01
3.216289e+01
3.226279e+01
3.236279e+01
3.246289e+01
3.256305e+01
3.266295e+01
3.276294e+01
3.286289e+01
3.296301e+01
3.306303e+01
3.316280e+01
3.326392e+01
3.336370e+01
3.346362e+01
3.357565e+01
3.366329e+01
3.376328e+01
3.386308e+01
3.396320e+01
3.406342e+01
3.416350e+01
3.426373e+01
3.436359e+01
3.446437e+01
3.456372e+01
3.466373e+01
3.476375e+01
3.486376e+01
3.496376e+01
3.506383e+01
3.516387e+01
3.526393e+01
3.536383e+01
3.546388e+01
3.556439e+01
3.566402e+01
3.576399e+01
3.586393e+01
3.596399e+01
3.606359e+01
3.616384e+01
3.626379e+01
3.636391e+01
3.646422e+01
3.656401e+01
3.666428e+01
3.676400e+01
3.686407e+01
3.696416e+01
3.706407e+01
3.716413e+01
3.726411e+01
3.736415e+01
3.746416e+01
3.756424e+01
3.766439e+01
3.776455e+01
3.786449e+01
3.796441e+01
3.806447e+01
3.816451e+01
3.826441e+01
3.836453e+01
3.846457e+01
3.856460e+01
3.866473e+01
3.876474e+01
3.886481e+01
3.896492e+01
3.906475e+01
3.916483e+01
3.926491e+01
3.936477e+01
3.946476e+01
3.956479e+01
3.966489e+01
3.976498e+01
3.986508e+01
3.996510e+01
4.006575e+01
4.016509e+01
4.026504e+01
4.036509e+01
4.046508e+01
4.056514e+01
4.066519e+01
4.076506e+01
4.086534e+01
4.096525e+01
4.106550e+01
4.116569e+01
4.126534e+01
4.136526e+01
4.146542e+01
4.156549e+01
4.166548e+01
4.176542e+01
4.186592e+01
4.196561e+01
4.206564e+01
4.216575e+01
4.226601e+01
4.236596e+01
4.246566e+01
4.256616e+01
4.266586e+01
4.276588e+01
4.286605e+01
4.296608e+01
4.306612e+01
4.316607e+01
4.326732e+01
4.336664e+01
4.346629e+01
4.356642e+01
4.366642e+01
4.376663e+01
4.386628e+01
4.396649e+01
4.406638e+01
4.416657e+01
4.426682e+01
4.436719e+01
4.446703e+01
4.458991e+01
4.466616e+01
4.476678e+01
4.486737e+01
4.496681e+01
4.506683e+01
4.516689e+01
4.526652e+01
4.536681e+01
4.546698e+01
4.556775e+01
4.566862e+01
4.576700e+01
4.586714e+01
4.596672e+01
4.606693e+01
4.616749e+01
4.626719e+01
4.636735e+01
4.646743e+01
4.656782e+01
4.666719e+01
4.676906e+01
4.686729e+01
4.696722e+01
4.706704e+01
4.716734e+01
4.726730e+01
4.736722e+01
4.746735e+01
4.756763e+01
4.766761e+01
4.776745e+01
4.786806e+01
4.796766e+01
4.806764e+01
4.816759e+01
4.826787e+01
4.836766e+01
4.846754e+01
4.856776e+01
4.866779e+01
4.876743e+01
4.886768e+01
4.896821e+01
4.906758e+01
4.916806e+01
4.926770e+01
4.936769e+01
4.946766e+01
4.956864e+01
4.966787e+01
4.976774e+01
4.986764e+01
4.996792e+01
5.006840e+01
5.016788e+01
5.026802e+01
5.037373e+01
5.046799e+01
5.056816e+01
5.066884e+01
5.076922e+01
5.086852e+01
5.096852e+01
5.106858e+01
5.116903e+01
5.127027e+01
5.136897e+01
5.146814e+01
5.156880e+01
5.166842e+01
5.176862e+01
5.186961e+01
5.196857e+01
5.206865e+01
5.216959e+01
5.227013e+01
5.236989e+01
5.246878e+01
5.256949e+01
5.266976e+01
5.276853e+01
5.286878e+01
5.296886e+01
5.306991e+01
5.316901e+01
5.326983e+01
5.336900e+01
5.346907e+01
5.356903e+01
5.366900e+01
5.376900e+01
5.386918e+01
5.396897e+01
5.406906e+01
5.416911e+01
5.426945e+01
5.436954e+01
5.446924e+01
5.456983e+01
5.466926e+01
5.476921e+01
5.486969e+01
5.496969e+01
5.506983e+01
5.517055e+01
5.527079e+01
5.537049e+01
5.547096e+01
5.556993e+01
5.567004e+01
5.579007e+01
5.587010e+01
5.597055e+01
5.606969e+01
5.616991e+01
5.627350e+01
5.636970e+01
5.646985e+01
5.657000e+01
5.667116e+01
5.677011e+01
5.686991e+01
5.697017e+01
5.707001e+01
5.717015e+01
5.726985e+01
5.737124e+01
5.747039e+01
5.757041e+01
5.767054e+01
5.777044e+01
5.787221e+01
5.797071e+01
5.807084e+01
5.817056e+01
5.827057e+01
5.837056e+01
5.847055e+01
5.857072e+01
5.867109e+01
5.877147e+01
5.887067e+01
5.897136e+01
5.907096e+01
5.917074e+01
5.927082e+01
5.937081e+01
5.947083e+01
5.957089e+01
5.967073e+01
5.977097e+01
5.987100e+01
5.997098e+01
6.007146e+01
6.017141e+01
6.027119e+01
6.037112e+01
6.047136e+01
6.057085e+01
6.067089e+01
6.077120e+01
6.087122e+01
6.097136e+01
6.107131e+01
6.117130e+01
6.127168e+01
6.137135e+01
6.147135e+01
6.157141e+01
6.167160e+01
6.177129e+01
6.187159e+01
6.197174e+01
6.207165e+01
6.217166e+01
6.227223e+01
6.237182e+01
6.247173e+01
6.257170e+01
6.267173e+01
6.277184e+01
6.287191e+01
6.297185e+01
6.307198e+01
6.317173e+01
6.327195e+01
6.337225e+01
6.347225e+01
6.357192e+01
6.367204e+01
6.377207e+01
6.387212e+01
6.397190e+01
6.407223e+01
6.417218e+01
6.427233e+01
6.437192e+01
6.447251e+01
6.457347e+01
6.467238e+01
6.477233e+01
6.487239e+01
6.497269e+01
6.507220e+01
6.517242e+01
6.527253e+01
6.537253e+01
6.547261e+01
6.557263e+01
6.567317e+01
6.577259e+01
6.587269e+01
6.597264e+01
6.607286e+01
6.617282e+01
6.627284e+01
6.637281e+01
6.647290e+01
6.657299e+01
6.667297e+01
6.677357e+01
6.687299e+01
6.697303e+01
6.707305e+01
6.718035e+01
6.727281e+01
6.737317e+01
6.747366e+01
6.757325e+01
6.767326e+01
6.777336e+01
6.787458e+01
6.797333e+01
6.807336e+01
6.817336e+01
6.827337e+01
6.837336e+01
6.847333e+01
6.857326e+01
6.867337e+01
6.877352e+01
6.887346e+01
6.897433e+01
6.907369e+01
6.917369e+01
6.927361e+01
6.937367e+01
6.947373e+01
6.957393e+01
6.967382e+01
6.977384e+01
6.987386e+01
6.997395e+01
7.007451e+01
7.017402e+01
7.027400e+01
7.037397e+01
7.047398e+01
7.057412e+01
7.067406e+01
7.077414e+01
7.087415e+01
7.097427e+01
7.107402e+01
7.117461e+01
7.127442e+01
7.137428e+01
7.147437e+01
7.157437e+01
7.167464e+01
7.177443e+01
7.187435e+01
7.197456e+01
7.207447e+01
7.217470e+01
7.227453e+01
7.237503e+01
7.247469e+01
7.257463e+01
7.267477e+01
7.277470e+01
7.287443e+01
7.297474e+01
7.307481e+01
7.317503e+01
7.327486e+01
7.337488e+01
7.347496e+01
7.357495e+01
7.367762e+01
7.377589e+01
7.387489e+01
7.397490e+01
7.407493e+01
7.417495e+01
7.427506e+01
7.437511e+01
7.447530e+01
7.457564e+01
7.467517e+01
7.477516e+01
7.487781e+01
7.497523e+01
7.507558e+01
7.517557e+01
7.527625e+01
7.537538e+01
7.547549e+01
7.557548e+01
7.567594e+01
7.577546e+01
7.587562e+01
7.597613e+01
7.607551e+01
7.617555e+01
7.627570e+01
7.637566e+01
7.647687e+01
7.657596e+01
7.667579e+01
7.679240e+01
7.687559e+01
7.697555e+01
7.707577e+01
7.717582e+01
7.727672e+01
7.737689e+01
7.747601e+01
7.757607e+01
7.767606e+01
7.777614e+01
7.787647e+01
7.797617e+01
7.807709e+01
7.817611e+01
7.827623e+01
7.837626e+01
7.847628e+01
7.857628e+01
7.867627e+01
7.877637e+01
7.887641e+01
7.897672e+01
7.907633e+01
7.917644e+01
7.927670e+01
7.937650e+01
7.947649e+01
7.957653e+01
7.967658e+01
7.977661e+01
7.987687e+01
7.997697e+01
8.007719e+01
8.017677e+01
8.027672e+01
8.037680e+01
8.047679e+01
8.057703e+01
8.067694e+01
8.077779e+01
8.087700e+01
8.097713e+01
8.107708e+01
8.117720e+01
8.127733e+01
8.137717e+01
8.147740e+01
8.157741e+01
8.167727e+01
8.177724e+01
8.187733e+01
8.197755e+01
8.207729e+01
8.217757e+01
8.227756e+01
8.237786e+01
8.247746e+01
8.257758e+01
8.267782e+01
8.277775e+01
8.287760e+01
8.297772e+01
8.307776e+01
8.317779e+01
8.328080e+01
8.337772e+01
8.347882e+01
8.358604e+01
8.367793e+01
8.378106e+01
8.387772e+01
8.397809e+01
8.407833e+01
8.417821e+01
8.427841e+01
8.437824e+01
8.448086e+01
8.457874e+01
8.467807e+01
8.477818e+01
8.487812e+01
8.497828e+01
8.507820e+01
8.517825e+01
8.527831e+01
8.537835e+01
8.547852e+01
8.557848e+01
8.567939e+01
8.577846e+01
8.587852e+01
8.597854e+01
8.607862e+01
8.617866e+01
8.627868e+01
8.637861e+01
8.647876e+01
8.657890e+01
8.667886e+01
8.677925e+01
8.687891e+01
8.697880e+01
8.707905e+01
8.717892e+01
8.727895e+01
8.737895e+01
8.747900e+01
8.757915e+01
8.767907e+01
8.777931e+01
8.788002e+01
8.797923e+01
8.807923e+01
8.817917e+01
8.827897e+01
8.837916e+01
8.849395e+01
8.857908e+01
8.867944e+01
8.877951e+01
8.887959e+01
8.897976e+01
8.907948e+01
8.917978e+01
8.927950e+01
8.937958e+01
8.947958e+01
8.957957e+01
8.970183e+01
8.977944e+01
8.988019e+01
8.998005e+01
9.008014e+01
9.018023e+01
9.028013e+01
9.038006e+01
9.048019e+01
9.058117e+01
9.068020e+01
9.078027e+01
9.088033e+01
9.097987e+01
9.108015e+01
9.118021e+01
9.128037e+01
9.138007e+01
9.148008e+01
9.158013e+01
9.168014e+01
9.178024e+01
9.188023e+01
9.198030e+01
9.208036e+01
9.218053e+01
9.228042e+01
9.238047e+01
9.248037e+01
9.258053e+01
9.268066e+01
9.278045e+01
9.288064e+01
9.298070e+01
9.308067e+01
9.318068e+01
9.328086e+01
9.338140e+01
9.348112e+01
9.358087e+01
9.368111e+01
9.378101e+01
9.388101e+01
9.398166e+01
9.408069e+01
9.419373e+01
9.428084e+01
9.438082e+01
9.448115e+01
9.458153e+01
9.468112e+01
9.478108e+01
9.488102e+01
9.498120e+01
9.508114e+01
9.518113e+01
9.528121e+01
9.538133e+01
9.548135e+01
9.558142e+01
9.568153e+01
9.578156e+01
9.588147e+01
9.598134e+01
9.608150e+01
9.618168e+01
9.628152e+01
9.638160e+01
9.648152e+01
9.658182e+01
9.668186e+01
9.678196e+01
9.688183e+01
9.698170e+01
9.708174e+01
9.718174e+01
9.728181e+01
9.738186e+01
9.748213e+01
9.758211e+01
9.768224e+01
9.778226e+01
9.788358e+01
9.798201e+01
9.808189e+01
9.818205e+01
9.828194e+01
9.838204e+01
9.848217e+01
9.858189e+01
9.868238e+01
9.878226e+01
9.888274e+01
9.898261e+01
9.908262e+01
9.918257e+01
9.928248e+01
9.938262e+01
9.948259e+01
9.958263e+01
9.968267e+01
9.978266e+01
9.988278e+01
9.998325e+01
1.000830e+02
1.001833e+02
1.002827e+02
1.003828e+02
1.004829e+02
1.005829e+02
1.006837e+02
1.007831e+02
1.008831e+02
1.009828e+02
1.010836e+02
1.011841e+02
1.012941e+02
1.013828e+02
1.014836e+02
1.015839e+02
1.016832e+02
1.017832e+02
1.018842e+02
1.019833e+02
1.020832e+02
1.021835e+02
1.022841e+02
1.023837e+02
1.024834e+02
1.025836e+02
1.026833e+02
1.027834e+02
1.028844e+02
1.029843e+02
1.030835e+02
1.031836e+02
1.032837e+02
1.033839e+02
1.034840e+02
1.035848e+02
1.036843e+02
1.037839e+02
1.038840e+02
1.039850e+02
1.040840e+02
1.041842e+02
1.042849e+02
1.043841e+02
1.044846e+02
1.045858e+02
1.046848e+02
1.047842e+02
1.048840e+02
1.049844e+02
1.050842e+02
1.051842e+02
1.052845e+02
1.053844e+02
1.054844e+02
1.055844e+02
1.056860e+02
1.057850e+02
1.058844e+02
1.059845e+02
1.060849e+02
1.061846e+02
1.062846e+02
1.063856e+02
1.064846e+02
1.065847e+02
1.066848e+02
1.067849e+02
1.068848e+02
1.069849e+02
1.070850e+02
1.071849e+02
1.072848e+02
1.073849e+02
1.074853e+02
1.075848e+02
1.076850e+02
1.077849e+02
1.078850e+02
1.079850e+02
1.080851e+02
1.081850e+02
1.082979e+02
1.083850e+02
1.084853e+02
1.085853e+02
1.086853e+02
1.087854e+02
1.088853e+02
1.089854e+02
1.090855e+02
1.091855e+02
1.092854e+02
1.093854e+02
1.094856e+02
1.095856e+02
1.096857e+02
1.097855e+02
1.098857e+02
1.099856e+02
1.100858e+02
1.101859e+02
1.102859e+02
1.103859e+02
1.104858e+02
1.105860e+02
1.106860e+02
1.107939e+02
1.108858e+02
1.109859e+02
1.110860e+02
1.111860e+02
1.112860e+02
1.113861e+02
1.114860e+02
1.115858e+02
1.116861e+02
1.117862e+02
1.118862e+02
1.119862e+02
1.120863e+02
1.121864e+02
1.122864e+02
1.123863e+02
1.124865e+02
1.125864e+02
1.126863e+02
1.127864e+02
1.128865e+02
1.129864e+02
1.130864e+02
1.131866e+02
1.132863e+02
1.133865e+02
1.134867e+02
1.135867e+02
1.136868e+02
1.137867e+02
1.138867e+02
1.139868e+02
1.140868e+02
1.141869e+02
1.142869e+02
1.143867e+02
1.144870e+02
1.145869e+02
1.146869e+02
1.147870e+02
1.148872e+02
1.149870e+02
1.150871e+02
1.151872e+02
1.152873e+02
1.153872e+02
1.154873e+02
1.155875e+02
1.156872e+02
1.157872e+02
1.158873e+02
1.159875e+02
1.160873e+02
1.161876e+02
1.162876e+02
1.163875e+02
1.164875e+02
1.165875e+02
1.166878e+02
1.167876e+02
1.168877e+02
1.169876e+02
1.170877e+02
1.171877e+02
1.172880e+02
1.173879e+02
1.174880e+02
1.175882e+02
1.176877e+02
1.178140e+02
1.178878e+02
1.179882e+02
1.180880e+02
1.181881e+02
1.182883e+02
1.183884e+02
1.184881e+02
1.185881e+02
1.186888e+02
1.187887e+02
1.188885e+02
1.189882e+02
1.190884e+02
1.191887e+02
1.192883e+02
1.193886e+02
1.194885e+02
1.195887e+02
1.196888e+02
1.197887e+02
1.198888e+02
1.199886e+02
1.200886e+02
1.201895e+02
1.202886e+02
1.203887e+02
1.204888e+02
1.205890e+02
1.206888e+02
1.207890e+02
1.208891e+02
1.209890e+02
1.210891e+02
1.211892e+02
1.212891e+02
1.213890e+02
1.214895e+02
1.215899e+02
1.216893e+02
1.217894e+02
1.218895e+02
1.219902e+02
1.220893e+02
1.221897e+02
1.222896e+02
1.223895e+02
1.224895e+02
1.225897e+02
1.226897e+02
1.227893e+02
1.228897e+02
1.229897e+02
1.230898e+02
1.231898e+02
1.232899e+02
1.233898e+02
1.234896e+02
1.235897e+02
1.236897e+02
1.237897e+02
1.238901e+02
1.239900e+02
1.240899e+02
1.241898e+02
1.242900e+02
1.243904e+02
1.244902e+02
1.245904e+02
1.246902e+02
1.247901e+02
1.248901e+02
1.249902e+02
1.250903e+02
1.251902e+02
1.252902e+02
1.253906e+02
1.254903e+02
1.255900e+02
1.256904e+02
1.257905e+02
1.258907e+02
1.259905e+02
1.260906e+02
1.261905e+02
1.262905e+02
1.263911e+02
1.264906e+02
1.265903e+02
1.266905e+02
1.268179e+02
1.268910e+02
1.269906e+02
1.270906e+02
1.271911e+02
1.272907e+02
1.273909e+02
1.274909e+02
1.275910e+02
1.276910e+02
1.278059e+02
1.278912e+02
1.279916e+02
1.280911e+02
1.281912e+02
1.282912e+02
1.283921e+02
1.284908e+02
1.285915e+02
1.286911e+02
1.287911e+02
1.288914e+02
1.289911e+02
1.290916e+02
1.291914e+02
1.292918e+02
1.293919e+02
1.294914e+02
1.295912e+02
1.296917e+02
1.297937e+02
1.298914e+02
1.299923e+02
1.300917e+02
1.301917e+02
1.302918e+02
1.303922e+02
1.304918e+02
1.305918e+02
1.306925e+02
1.307925e+02
1.308926e+02
1.309925e+02
1.310926e+02
1.311929e+02
1.312920e+02
1.313927e+02
1.314931e+02
1.315926e+02
1.316925e+02
1.317929e+02
1.318923e+02
1.319922e+02
1.320932e+02
1.321926e+02
1.322917e+02
1.323923e+02
1.324921e+02
1.325921e+02
1.326922e+02
1.327920e+02
1.328922e+02
1.329923e+02
1.330923e+02
1.331925e+02
1.332924e+02
1.333924e+02
1.334922e+02
1.335925e+02
1.336938e+02
1.337923e+02
1.338941e+02
1.339933e+02
1.340924e+02
1.341925e+02
1.342926e+02
1.343926e+02
1.344929e+02
1.345930e+02
1.346929e+02
1.347936e+02
1.348927e+02
1.349932e+02
1.350930e+02
1.351931e+02
1.352931e+02
1.353931e+02
1.354937e+02
1.355928e+02
1.356933e+02
1.357933e+02
1.358934e+02
1.359933e+02
1.361099e+02
1.361931e+02
1.362933e+02
1.363933e+02
1.364934e+02
1.365934e+02
1.366935e+02
1.367932e+02
1.368932e+02
1.369938e+02
1.370938e+02
1.371935e+02
1.372936e+02
1.373937e+02
1.374935e+02
1.375937e+02
1.376936e+02
1.377938e+02
1.378937e+02
1.379938e+02
1.380936e+02
1.381938e+02
1.382938e+02
1.383938e+02
1.384939e+02
1.385940e+02
1.386940e+02
1.387940e+02
1.388940e+02
1.389941e+02
1.390942e+02
1.391939e+02
1.392942e+02
1.393942e+02
1.394943e+02
1.395944e+02
1.396943e+02
1.397943e+02
1.398943e+02
1.399945e+02
1.400945e+02
1.401943e+02
1.402945e+02
1.403947e+02
1.404946e+02
1.405947e+02
1.406947e+02
1.407947e+02
1.408948e+02
1.409949e+02
1.410949e+02
1.411947e+02
1.412949e+02
1.413949e+02
1.414949e+02
1.415946e+02
1.416952e+02
1.417951e+02
1.418951e+02
1.419950e+02
1.420950e+02
1.421951e+02
1.422953e+02
1.423951e+02
1.424953e+02
1.425953e+02
1.426953e+02
1.427952e+02
1.428953e+02
1.429953e+02
1.430953e+02
1.431953e+02
1.432954e+02
1.433955e+02
1.434956e+02
1.435955e+02
1.436955e+02
1.438016e+02
1.438955e+02
1.439956e+02
1.440956e+02
1.441955e+02
1.442956e+02
1.443956e+02
1.444956e+02
1.445957e+02
1.446957e+02
1.447959e+02
1.448958e+02
1.449960e+02
1.450967e+02
1.451958e+02
1.452960e+02
1.453960e+02
1.454959e+02
1.455960e+02
1.456960e+02
1.457961e+02
1.458961e+02
1.459961e+02
1.460961e+02
1.461964e+02
1.462962e+02
1.463965e+02
1.464963e+02
1.465962e+02
1.466964e+02
1.467964e+02
1.468964e+02
1.469964e+02
1.470967e+02
1.471965e+02
1.472965e+02
1.473985e+02
1.474964e+02
1.475965e+02
1.476967e+02
1.477967e+02
1.478965e+02
1.479966e+02
1.480981e+02
1.481967e+02
1.482969e+02
1.483969e+02
1.484968e+02
1.485969e+02
1.486969e+02
1.487971e+02
1.488970e+02
1.489972e+02
1.490972e+02
1.491972e+02
1.492969e+02
1.493972e+02
1.494974e+02
1.495972e+02
1.496974e+02
1.497976e+02
1.498976e+02
1.499976e+02
1.500974e+02
1.501975e+02
1.502975e+02
1.503976e+02
1.504981e+02
1.505993e+02
1.506979e+02
1.507977e+02
1.508977e+02
1.509977e+02
1.510977e+02
1.511986e+02
1.512976e+02
1.513977e+02
1.514978e+02
1.515982e+02
1.516980e+02
1.517979e+02
1.518988e+02
1.519979e+02
1.520979e+02
1.521980e+02
1.522980e+02
1.523980e+02
1.524989e+02
1.525988e+02
1.526981e+02
1.527981e+02
1.528981e+02
1.529989e+02
1.530983e+02
1.531984e+02
1.532983e+02
1.533991e+02
1.534984e+02
1.535983e+02
1.536992e+02
1.537984e+02
1.538991e+02
1.539990e+02
1.540984e+02
1.541985e+02
1.542986e+02
1.543986e+02
1.544986e+02
1.545987e+02
1.546991e+02
1.547990e+02
1.548987e+02
1.549986e+02
1.550989e+02
1.551992e+02
1.552988e+02
1.553992e+02
1.554990e+02
1.555990e+02
1.556989e+02
1.557987e+02
1.558990e+02
1.559990e+02
1.560990e+02
1.561991e+02
1.562991e+02
1.563990e+02
1.564992e+02
1.565992e+02
1.566993e+02
1.568000e+02
1.568994e+02
1.569994e+02
1.570995e+02
1.571996e+02
1.572997e+02
1.573996e+02
1.574998e+02
1.575997e+02
1.576997e+02
1.577998e+02
1.578999e+02
1.579998e+02
1.580995e+02
1.581998e+02
1.582999e+02
1.583999e+02
1.584999e+02
1.586000e+02
1.587000e+02
1.588000e+02
1.589000e+02
1.590001e+02
1.591001e+02
1.592004e+02
1.593002e+02
1.594000e+02
1.595002e+02
1.596002e+02
1.597003e+02
1.598003e+02
1.599002e+02
1.600004e+02
1.601006e+02
1.602004e+02
1.603106e+02
1.604002e+02
1.605007e+02
1.606006e+02
1.607005e+02
1.608006e+02
1.609006e+02
1.610006e+02
1.611008e+02
1.612012e+02
1.613007e+02
1.614008e+02
1.615097e+02
1.616006e+02
1.617008e+02
1.618009e+02
1.619008e+02
1.620008e+02
1.621010e+02
1.622008e+02
1.623016e+02
1.624010e+02
1.625011e+02
1.626010e+02
1.627010e+02
1.628012e+02
1.629012e+02
1.630012e+02
1.631012e+02
1.632014e+02
1.633012e+02
1.634020e+02
1.635014e+02
1.636013e+02
1.637014e+02
1.638013e+02
1.639019e+02
1.640016e+02
1.641015e+02
1.642015e+02
1.643016e+02
1.644017e+02
1.645020e+02
1.646021e+02
1.647017e+02
1.648017e+02
1.649018e+02
1.650017e+02
1.651018e+02
1.652016e+02
1.653022e+02
1.654019e+02
1.655020e+02
1.656024e+02
1.657025e+02
1.658021e+02
1.659020e+02
1.660023e+02
1.661021e+02
1.662057e+02
1.663022e+02
1.664021e+02
1.665021e+02
1.666022e+02
1.667030e+02
1.668029e+02
1.669022e+02
1.670021e+02
1.671023e+02
1.672023e+02
1.673023e+02
1.674026e+02
1.675027e+02
1.676025e+02
1.677023e+02
1.678027e+02
1.679029e+02
1.680029e+02
1.681031e+02
1.682029e+02
1.683029e+02
1.684029e+02
1.685027e+02
1.686028e+02
1.687028e+02
1.688028e+02
1.689031e+02
1.690038e+02
1.691030e+02
1.692030e+02
1.693030e+02
1.694030e+02
1.695032e+02
1.696031e+02
1.697097e+02
1.698029e+02
1.699033e+02
1.700035e+02
1.701037e+02
1.702077e+02
1.703030e+02
1.704035e+02
1.705035e+02
1.706036e+02
1.707035e+02
1.708036e+02
1.709035e+02
1.710036e+02
1.711037e+02
1.712040e+02
1.713037e+02
1.714039e+02
1.715038e+02
1.716038e+02
1.717037e+02
1.718038e+02
1.719039e+02
1.720039e+02
1.721039e+02
1.722040e+02
1.723045e+02
1.724062e+02
1.725040e+02
1.726040e+02
1.727041e+02
1.728040e+02
1.729041e+02
1.730041e+02
1.731043e+02
1.732044e+02
1.733044e+02
1.734048e+02
1.735045e+02
1.736043e+02
1.737045e+02
1.738044e+02
1.739045e+02
1.740045e+02
1.741047e+02
1.742054e+02
1.743045e+02
1.744046e+02
1.745050e+02
1.746064e+02
1.747045e+02
1.748056e+02
1.749046e+02
1.750047e+02
1.751048e+02
1.752049e+02
1.753047e+02
1.754047e+02
1.755060e+02
1.756050e+02
1.757051e+02
1.758050e+02
1.759050e+02
1.760049e+02
1.761049e+02
1.762049e+02
1.763050e+02
1.764050e+02
1.765050e+02
1.766060e+02
1.767054e+02
1.768054e+02
1.769052e+02
1.770054e+02
1.771054e+02
1.772067e+02
1.773065e+02
1.774052e+02
1.775053e+02
1.776055e+02
1.777067e+02
1.778056e+02
1.779061e+02
1.780059e+02
1.781056e+02
1.782057e+02
1.783061e+02
1.784057e+02
1.785057e+02
1.786057e+02
1.787068e+02
1.788059e+02
1.789059e+02
1.790070e+02
1.791060e+02
1.792059e+02
1.793057e+02
1.794066e+02
1.795060e+02
1.796060e+02
1.797063e+02
1.798060e+02
1.799062e+02
1.800063e+02
1.801063e+02
1.802061e+02
1.803062e+02
1.804071e+02
1.805062e+02
1.806064e+02
1.807064e+02
1.808066e+02
1.809065e+02
1.810067e+02
1.811066e+02
1.812070e+02
1.813066e+02
1.814076e+02
1.815072e+02
1.816066e+02
1.817066e+02
1.818067e+02
1.819066e+02
1.820068e+02
1.821068e+02
1.822104e+02
1.823068e+02
1.824068e+02
1.825068e+02
1.826068e+02
1.827068e+02
1.828069e+02
1.829069e+02
1.830070e+02
1.831070e+02
1.832071e+02
1.833072e+02
1.834072e+02
1.835072e+02
1.836071e+02
1.837071e+02
1.838071e+02
1.839072e+02
1.840071e+02
1.841075e+02
1.842073e+02
1.843080e+02
1.844074e+02
1.845076e+02
1.846076e+02
1.847073e+02
1.848075e+02
1.849076e+02
1.850074e+02
1.851076e+02
1.852076e+02
1.853076e+02
1.854078e+02
1.855078e+02
1.856080e+02
1.857079e+02
1.858078e+02
1.859078e+02
1.860079e+02
1.861078e+02
1.862079e+02
1.863080e+02
1.864079e+02
1.865081e+02
1.866081e+02
1.867084e+02
1.868093e+02
1.869081e+02
1.870082e+02
1.871082e+02
1.872082e+02
1.873082e+02
1.874082e+02
1.875082e+02
1.876084e+02
1.877086e+02
1.878086e+02
1.879100e+02
1.880084e+02
1.881084e+02
1.882088e+02
1.883085e+02
1.884087e+02
1.885087e+02
1.886086e+02
1.887087e+02
1.888090e+02
1.889147e+02
1.890092e+02
1.891086e+02
1.892090e+02
1.893090e+02
1.894090e+02
1.895089e+02
1.896260e+02
1.897087e+02
1.898090e+02
1.899091e+02
1.900093e+02
1.901101e+02
1.902092e+02
1.903091e+02
1.904092e+02
1.905092e+02
1.906092e+02
1.907093e+02
1.908092e+02
1.909092e+02
1.910093e+02
1.911092e+02
1.912102e+02
1.913094e+02
1.914094e+02
1.915095e+02
1.916098e+02
1.917095e+02
1.918094e+02
1.919097e+02
1.920095e+02
1.921096e+02
1.922099e+02
1.923102e+02
1.924100e+02
1.925101e+02
1.926099e+02
1.927099e+02
1.928218e+02
1.929098e+02
1.930102e+02
1.931100e+02
1.932100e+02
1.933100e+02
1.934105e+02
1.935104e+02
1.936102e+02
1.937103e+02
1.938105e+02
1.939106e+02
1.940102e+02
1.941104e+02
1.942104e+02
1.943104e+02
1.944107e+02
1.945110e+02
1.946122e+02
1.947104e+02
1.948105e+02
1.949105e+02
1.950110e+02
1.951107e+02
1.952108e+02
1.953108e+02
1.954106e+02
1.955112e+02
1.956109e+02
1.957124e+02
1.958110e+02
1.959108e+02
1.960109e+02
1.961108e+02
1.962114e+02
1.963113e+02
1.964115e+02
1.965115e+02
1.966117e+02
1.967116e+02
1.968113e+02
1.969115e+02
1.970114e+02
1.971114e+02
1.972114e+02
1.973114e+02
1.974114e+02
1.975113e+02
1.976117e+02
1.977120e+02
1.978208e+02
1.979118e+02
1.980117e+02
1.981115e+02
1.982115e+02
1.983119e+02
1.984119e+02
1.985118e+02
1.986118e+02
1.987119e+02
1.988117e+02
1.989117e+02
1.990126e+02
1.991116e+02
1.992120e+02
1.993119e+02
1.994118e+02
1.995116e+02
1.996117e+02
1.997119e+02
1.998122e+02
1.999117e+02
2.000120e+02
2.001133e+02
2.002120e+02
2.003120e+02
2.004142e+02
2.005120e+02
2.006120e+02
2.007122e+02
2.008121e+02
2.009122e+02
2.010123e+02
2.011125e+02
2.012132e+02
2.013124e+02
2.014138e+02
2.015135e+02
2.016122e+02
2.017127e+02
2.018126e+02
2.019129e+02
2.020125e+02
2.021137e+02
2.022127e+02
2.023143e+02
2.024126e+02
2.025139e+02
2.026141e+02
2.027127e+02
2.028128e+02
2.029128e+02
2.030138e+02
2.031129e+02
2.032140e+02
2.033142e+02
2.034135e+02
2.035131e+02
2.036131e+02
2.037130e+02
2.038128e+02
2.039140e+02
2.040138e+02
2.041141e+02
2.042132e+02
2.043135e+02
2.044135e+02
2.045134e+02
2.046140e+02
2.047138e+02
2.048133e+02
2.049144e+02
2.050135e+02
2.051139e+02
2.052135e+02
2.053136e+02
2.054142e+02
2.055141e+02
2.056139e+02
2.057154e+02
2.058138e+02
2.059137e+02
2.060145e+02
2.061141e+02
2.062140e+02
2.063141e+02
2.064140e+02
2.065139e+02
2.066140e+02
2.067143e+02
2.068157e+02
2.069141e+02
2.070141e+02
2.071141e+02
2.072141e+02
2.073142e+02
2.074142e+02
2.075143e+02
2.076142e+02
2.077143e+02
2.078144e+02
2.079154e+02
2.080144e+02
2.081145e+02
2.082143e+02
2.083197e+02
2.084143e+02
2.085379e+02
2.086143e+02
2.087145e+02
2.088145e+02
2.089146e+02
2.090151e+02
2.091146e+02
2.092146e+02
2.093148e+02
2.094149e+02
2.095149e+02
2.096149e+02
2.097148e+02
2.098149e+02
2.099151e+02
2.100151e+02
2.101153e+02
2.102149e+02
2.103151e+02
2.104150e+02
2.105151e+02
2.106153e+02
2.107151e+02
2.108152e+02
2.109153e+02
2.110153e+02
2.111154e+02
2.112157e+02
2.113154e+02
2.114155e+02
2.115155e+02
2.116155e+02
2.117154e+02
2.118155e+02
2.119155e+02
2.120155e+02
2.121156e+02
2.122155e+02
2.123155e+02
2.124159e+02
2.125157e+02
2.126157e+02
2.127156e+02
2.128157e+02
2.129157e+02
2.130158e+02
2.131159e+02
2.132159e+02
2.133159e+02
2.134159e+02
2.135180e+02
2.136160e+02
2.137160e+02
2.138160e+02
2.139160e+02
2.140160e+02
2.141161e+02
2.142162e+02
2.143162e+02
2.144161e+02
2.145220e+02
2.146166e+02
2.147164e+02
2.148165e+02
2.149165e+02
2.150165e+02
2.151165e+02
2.152165e+02
2.153166e+02
2.154168e+02
2.155167e+02
2.156168e+02
2.157179e+02
2.158168e+02
2.159167e+02
2.160169e+02
2.161169e+02
2.162169e+02
2.163169e+02
2.164169e+02
2.165169e+02
2.166169e+02
2.167171e+02
2.168298e+02
2.169168e+02
2.170170e+02
2.171170e+02
2.172170e+02
2.173173e+02
2.174171e+02
2.175171e+02
2.176171e+02
2.177171e+02
2.178172e+02
2.179180e+02
2.180172e+02
2.181170e+02
2.182172e+02
2.183173e+02
2.184174e+02
2.185175e+02
2.186179e+02
2.187177e+02
2.188175e+02
2.189176e+02
2.190181e+02
2.191176e+02
2.192176e+02
2.193176e+02
2.194176e+02
2.195177e+02
2.196178e+02
2.197178e+02
2.198178e+02
2.199179e+02
2.200177e+02
2.201182e+02
2.202179e+02
2.203179e+02
2.204180e+02
2.205179e+02
2.206180e+02
2.207183e+02
2.208181e+02
2.209184e+02
2.210182e+02
2.211183e+02
2.212196e+02
2.213183e+02
2.214184e+02
2.215183e+02
2.216184e+02
2.217184e+02
2.218183e+02
2.219186e+02
2.220185e+02
2.221188e+02
2.222185e+02
2.223186e+02
2.224187e+02
2.225185e+02
2.226193e+02
2.227186e+02
2.228188e+02
2.229187e+02
2.230188e+02
2.231339e+02
2.232187e+02
2.233189e+02
2.234190e+02
2.235191e+02
2.236189e+02
2.237189e+02
2.238192e+02
2.239192e+02
2.240190e+02
2.241190e+02
2.242195e+02
2.243191e+02
2.244192e+02
2.245192e+02
2.246196e+02
2.247191e+02
2.248191e+02
2.249193e+02
2.250193e+02
2.251193e+02
2.252197e+02
2.253195e+02
2.254195e+02
2.255195e+02
2.256197e+02
2.257216e+02
2.258198e+02
2.259198e+02
2.260197e+02
2.261198e+02
2.262196e+02
2.263197e+02
2.264196e+02
2.265198e+02
2.266198e+02
2.267198e+02
2.268223e+02
2.269199e+02
2.270199e+02
2.271199e+02
2.272200e+02
2.273199e+02
2.274201e+02
2.275201e+02
2.276202e+02
2.277203e+02
2.278202e+02
2.279211e+02
2.280202e+02
2.281203e+02
2.282204e+02
2.283203e+02
2.284204e+02
2.285204e+02
2.286204e+02
2.287214e+02
2.288217e+02
2.289207e+02
2.290210e+02
2.291235e+02
2.292205e+02
2.293217e+02
2.294215e+02
2.295207e+02
2.296209e+02
2.297208e+02
2.298207e+02
2.299206e+02
2.300218e+02
2.301224e+02
2.302217e+02
2.303209e+02
2.304210e+02
2.305210e+02
2.306211e+02
2.307213e+02
2.308222e+02
2.309218e+02
2.310218e+02
2.311212e+02
2.312214e+02
2.313214e+02
2.314218e+02
2.315213e+02
2.316216e+02
2.317212e+02
2.318213e+02
2.319216e+02
2.320214e+02
2.321216e+02
2.322215e+02
2.323226e+02
2.324217e+02
2.325215e+02
2.326216e+02
2.327216e+02
2.328216e+02
2.329216e+02
2.330218e+02
2.331217e+02
2.332218e+02
2.333218e+02
2.334220e+02
2.335219e+02
2.336217e+02
2.337218e+02
2.338218e+02
2.339218e+02
2.340219e+02
2.341219e+02
2.342219e+02
2.343219e+02
2.344220e+02
2.345221e+02
2.346226e+02
2.347222e+02
2.348221e+02
2.349224e+02
2.350222e+02
2.351222e+02
2.352238e+02
2.353225e+02
2.354223e+02
2.355224e+02
2.356225e+02
2.357229e+02
2.358226e+02
2.359227e+02
2.360228e+02
2.361227e+02
2.362226e+02
2.363225e+02
2.364225e+02
2.365226e+02
2.366227e+02
2.367228e+02
2.368234e+02
2.369228e+02
2.370228e+02
2.371230e+02
2.372228e+02
2.373229e+02
2.374230e+02
2.375230e+02
2.376231e+02
2.377228e+02
2.378232e+02
2.379237e+02
2.380230e+02
2.381231e+02
2.382232e+02
2.383231e+02
2.384231e+02
2.385232e+02
2.386235e+02
2.387233e+02
2.388234e+02
2.389236e+02
2.390301e+02
2.391232e+02
2.392235e+02
2.393237e+02
2.394236e+02
2.395237e+02
2.396237e+02
2.397238e+02
2.398239e+02
2.399239e+02
2.400246e+02
2.401241e+02
2.402239e+02
2.403255e+02
2.404236e+02
2.405239e+02
2.406240e+02
2.407240e+02
2.408239e+02
2.409241e+02
2.410241e+02
2.411242e+02
2.412243e+02
2.413260e+02
2.414244e+02
2.415242e+02
2.416241e+02
2.417240e+02
2.418242e+02
2.419242e+02
2.420243e+02
2.421248e+02
2.422244e+02
2.423244e+02
2.424246e+02
2.425246e+02
2.426246e+02
2.427245e+02
2.428248e+02
2.429246e+02
2.430247e+02
2.431246e+02
2.432248e+02
2.433255e+02
2.434247e+02
2.435266e+02
2.436249e+02
2.437249e+02
2.438249e+02
2.439251e+02
2.440251e+02
2.441254e+02
2.442251e+02
2.443249e+02
2.444250e+02
2.445251e+02
2.446262e+02
2.447250e+02
2.448250e+02
2.449251e+02
2.450251e+02
2.451254e+02
2.452251e+02
2.453254e+02
2.454254e+02
2.455254e+02
2.456254e+02
2.457262e+02
2.458253e+02
2.459298e+02
2.460253e+02
2.461255e+02
2.462256e+02
2.463255e+02
2.464256e+02
2.465258e+02
2.466257e+02
2.467420e+02
2.468260e+02
2.469258e+02
2.470262e+02
2.471260e+02
2.472260e+02
2.473257e+02
2.474261e+02
2.475261e+02
2.476260e+02
2.477261e+02
2.478262e+02
2.479264e+02
2.480262e+02
2.481262e+02
2.482264e+02
2.483262e+02
2.484263e+02
2.485262e+02
2.486264e+02
2.487266e+02
2.488266e+02
2.489272e+02
2.490268e+02
2.491266e+02
2.492266e+02
2.493266e+02
2.494265e+02
2.495338e+02
2.496266e+02
2.497267e+02
2.498266e+02
2.499267e+02
2.500268e+02
2.501271e+02
2.502269e+02
2.503267e+02
2.504268e+02
2.505268e+02
2.506268e+02
2.507269e+02
2.508271e+02
2.509269e+02
2.510271e+02
2.511271e+02
2.512276e+02
2.513269e+02
2.514269e+02
2.515271e+02
2.516272e+02
2.517271e+02
2.518271e+02
2.519273e+02
2.520276e+02
2.521276e+02
2.522271e+02
2.523281e+02
2.524287e+02
2.525273e+02
2.526275e+02
2.527275e+02
2.528275e+02
2.529274e+02
2.530275e+02
2.531276e+02
2.532276e+02
2.533472e+02
2.534296e+02
2.535281e+02
2.536279e+02
2.537281e+02
2.538281e+02
2.539281e+02
2.540282e+02
2.541283e+02
2.542277e+02
2.543282e+02
2.544278e+02
2.545280e+02
2.546282e+02
2.547286e+02
2.548280e+02
2.549280e+02
2.550282e+02
2.551284e+02
2.552283e+02
2.553283e+02
2.554283e+02
2.555284e+02
2.556287e+02
2.557290e+02
2.558284e+02
2.559285e+02
2.560286e+02
2.561285e+02
2.562287e+02
2.563286e+02
2.564299e+02
2.565287e+02
2.566287e+02
2.567288e+02
2.568295e+02
2.569288e+02
2.570288e+02
2.571288e+02
2.572288e+02
2.573289e+02
2.574290e+02
2.575291e+02
2.576291e+02
2.577290e+02
2.578292e+02
2.579295e+02
2.580290e+02
2.581292e+02
2.582298e+02
2.583291e+02
2.584292e+02
2.585289e+02
2.586291e+02
2.587291e+02
2.588292e+02
2.589300e+02
2.590294e+02
2.591293e+02
2.592294e+02
2.593295e+02
2.594296e+02
2.595295e+02
2.596302e+02
2.597299e+02
2.598299e+02
2.599299e+02
2.600300e+02
2.601300e+02
2.602298e+02
2.603300e+02
2.604298e+02
2.605298e+02
2.606297e+02
2.607299e+02
2.608299e+02
2.609300e+02
2.610299e+02
2.611300e+02
2.612300e+02
2.613301e+02
2.614299e+02
2.615301e+02
2.616300e+02
2.617300e+02
2.618302e+02
2.619302e+02
2.620303e+02
2.621304e+02
2.622304e+02
2.623304e+02
2.624304e+02
2.625303e+02
2.626303e+02
2.627303e+02
2.628303e+02
2.629306e+02
2.630306e+02
2.631305e+02
2.632307e+02
2.633307e+02
2.634308e+02
2.635307e+02
2.636308e+02
2.637309e+02
2.638310e+02
2.639308e+02
2.640310e+02
2.641310e+02
2.642309e+02
2.643309e+02
2.644310e+02
2.645310e+02
2.646310e+02
2.647310e+02
2.648310e+02
2.649308e+02
2.650310e+02
2.651311e+02
2.652314e+02
2.653313e+02
2.654313e+02
2.655313e+02
2.656311e+02
2.657313e+02
2.658314e+02
2.659314e+02
2.660314e+02
2.661315e+02
2.662316e+02
2.663316e+02
2.664314e+02
2.665320e+02
2.666320e+02
2.667318e+02
2.668315e+02
2.669318e+02
2.670318e+02
2.671316e+02
2.672317e+02
2.673317e+02
2.674319e+02
2.675319e+02
2.676319e+02
2.677320e+02
2.678320e+02
2.679319e+02
2.680319e+02
2.681319e+02
2.682322e+02
2.683319e+02
2.684321e+02
2.685321e+02
2.686322e+02
2.687323e+02
2.688323e+02
2.689330e+02
2.690322e+02
2.691323e+02
2.692323e+02
2.693328e+02
2.694325e+02
2.695327e+02
2.696327e+02
2.697325e+02
2.698325e+02
2.699420e+02
2.700327e+02
2.701322e+02
2.702325e+02
2.703326e+02
2.704326e+02
2.705327e+02
2.706328e+02
2.707328e+02
2.708327e+02
2.709329e+02
2.710329e+02
2.711332e+02
2.712329e+02
2.713331e+02
2.714330e+02
2.715329e+02
2.716334e+02
2.717333e+02
2.718333e+02
2.719333e+02
2.720336e+02
2.721335e+02
2.722335e+02
2.723335e+02
2.724334e+02
2.725336e+02
2.726341e+02
2.727336e+02
2.728339e+02
2.729335e+02
2.730339e+02
2.731338e+02
2.732341e+02
2.733339e+02
2.734341e+02
2.735337e+02
2.736336e+02
2.737340e+02
2.738336e+02
2.739338e+02
2.740339e+02
2.741339e+02
2.742340e+02
2.743339e+02
2.744341e+02
2.745341e+02
2.746342e+02
2.747342e+02
2.748339e+02
2.749339e+02
2.750339e+02
2.751341e+02
2.752341e+02
2.753341e+02
2.754342e+02
2.755343e+02
2.756344e+02
2.757342e+02
2.758344e+02
2.759343e+02
2.760345e+02
2.761344e+02
2.762346e+02
2.763345e+02
2.764345e+02
2.765506e+02
2.766343e+02
2.767348e+02
2.768348e+02
2.769346e+02
2.770348e+02
2.771348e+02
2.772349e+02
2.773356e+02
2.774350e+02
2.775349e+02
2.776350e+02
2.777349e+02
2.778349e+02
2.779352e+02
2.780350e+02
2.781349e+02
2.782350e+02
2.783351e+02
2.784352e+02
2.785351e+02
2.786353e+02
2.787352e+02
2.788351e+02
2.789351e+02
2.790352e+02
2.791352e+02
2.792352e+02
2.793355e+02
2.794354e+02
2.795356e+02
2.796354e+02
2.797354e+02
2.798355e+02
2.799355e+02
2.800354e+02
2.801356e+02
2.802356e+02
2.803355e+02
2.804356e+02
2.805358e+02
2.806356e+02
2.807359e+02
2.808366e+02
2.809359e+02
2.810500e+02
2.811364e+02
2.812363e+02
2.813361e+02
2.814363e+02
2.815370e+02
2.816363e+02
2.817367e+02
2.818371e+02
2.819368e+02
2.820362e+02
2.821418e+02
2.822369e+02
2.823365e+02
2.824370e+02
2.825368e+02
2.826373e+02
2.827365e+02
2.828465e+02
2.829367e+02
2.830405e+02
2.831373e+02
2.832375e+02
2.833369e+02
2.834364e+02
2.835372e+02
2.836373e+02
2.837416e+02
2.838367e+02
2.839375e+02
2.840376e+02
2.841364e+02
2.842374e+02
2.843373e+02
2.844378e+02
2.845365e+02
2.846374e+02
2.847370e+02
2.848368e+02
2.849372e+02
2.850371e+02
2.851374e+02
2.852370e+02
2.853374e+02
2.854375e+02
2.855371e+02
2.856373e+02
2.857371e+02
2.858372e+02
2.859374e+02
2.860374e+02
2.861372e+02
2.862376e+02
2.863382e+02
2.864376e+02
2.865382e+02
2.866383e+02
2.867378e+02
2.868380e+02
2.869374e+02
2.870375e+02
2.871377e+02
2.872379e+02
2.873373e+02
2.874381e+02
2.875380e+02
2.876378e+02
2.877379e+02
2.878378e+02
2.879378e+02
2.880382e+02
2.881380e+02
2.882381e+02
2.883380e+02
2.884380e+02
2.885421e+02
2.886378e+02
2.887381e+02
2.888382e+02
2.889381e+02
2.890381e+02
2.891382e+02
2.892418e+02
2.893380e+02
2.894383e+02
2.895384e+02
2.896384e+02
2.897384e+02
2.898384e+02
2.899385e+02
2.900386e+02
2.901384e+02
2.902386e+02
2.903385e+02
2.904387e+02
2.905387e+02
2.906387e+02
2.907388e+02
2.908388e+02
2.909389e+02
2.910385e+02
2.911389e+02
2.912388e+02
2.913392e+02
2.914387e+02
2.915389e+02
2.916388e+02
2.917389e+02
2.918388e+02
2.919390e+02
2.920391e+02
2.921389e+02
2.922390e+02
2.923392e+02
2.924391e+02
2.925391e+02
2.926392e+02
2.927392e+02
2.928392e+02
2.929392e+02
2.930393e+02
2.931393e+02
2.932393e+02
2.933393e+02
2.934394e+02
2.935394e+02
2.936394e+02
2.937395e+02
2.938396e+02
2.939396e+02
2.940396e+02
2.941396e+02
2.942397e+02
2.943396e+02
2.944397e+02
2.945397e+02
2.946397e+02
2.947398e+02
2.948398e+02
2.949399e+02
2.950399e+02
2.951399e+02
2.952399e+02
2.953399e+02
2.954400e+02
2.955399e+02
2.956400e+02
2.957402e+02
2.958400e+02
2.959401e+02
2.960402e+02
2.961399e+02
2.962402e+02
2.963402e+02
2.964402e+02
2.965402e+02
2.966402e+02
2.967403e+02
2.968406e+02
2.969404e+02
2.970406e+02
2.971406e+02
2.972408e+02
2.973406e+02
2.974405e+02
2.975406e+02
2.976407e+02
2.977407e+02
2.978407e+02
2.979408e+02
2.980408e+02
2.981408e+02
2.982409e+02
2.983410e+02
2.984410e+02
2.985409e+02
2.986409e+02
2.987411e+02
2.988410e+02
2.989411e+02
2.990410e+02
2.991410e+02
2.992411e+02
2.993411e+02
2.994411e+02
2.995411e+02
2.996413e+02
2.997412e+02
2.998413e+02
2.999413e+02
3.000414e+02
3.001414e+02
3.002414e+02
3.003414e+02
3.004415e+02
3.005414e+02
3.006661e+02
3.007414e+02
3.008418e+02
3.009418e+02
3.010419e+02
3.011419e+02
3.012419e+02
3.013419e+02
3.014419e+02
3.015416e+02
3.016421e+02
3.017417e+02
3.018420e+02
3.019421e+02
3.020421e+02
3.021420e+02
3.022422e+02
3.023420e+02
3.024421e+02
3.025419e+02
3.026420e+02
3.027493e+02
3.028420e+02
3.029422e+02
3.030423e+02
3.031423e+02
3.032423e+02
3.033423e+02
3.034424e+02
3.035424e+02
3.036424e+02
3.037425e+02
3.038428e+02
3.039425e+02
3.040425e+02
3.041425e+02
3.042426e+02
3.043426e+02
3.044426e+02
3.045428e+02
3.046427e+02
3.047428e+02
3.048437e+02
3.049431e+02
3.050425e+02
3.051428e+02
3.052429e+02
3.053431e+02
3.054430e+02
3.055429e+02
3.056433e+02
3.057432e+02
3.058432e+02
3.059434e+02
3.060436e+02
3.061432e+02
3.062432e+02
3.063433e+02
3.064432e+02
3.065432e+02
3.066433e+02
3.067434e+02
3.068435e+02
3.069434e+02
3.070439e+02
3.071440e+02
3.072434e+02
3.073436e+02
3.074436e+02
3.075434e+02
3.076436e+02
3.077435e+02
3.078436e+02
3.079436e+02
3.080437e+02
3.081441e+02
3.082442e+02
3.083438e+02
3.084438e+02
3.085438e+02
3.086441e+02
3.087439e+02
3.088439e+02
3.089440e+02
3.090439e+02
3.091441e+02
3.092442e+02
3.093444e+02
3.094442e+02
3.095442e+02
3.096447e+02
3.097444e+02
3.098442e+02
3.099443e+02
3.100443e+02
3.101443e+02
3.102444e+02
3.103446e+02
3.104447e+02
3.105444e+02
3.106446e+02
3.107443e+02
3.108447e+02
3.109447e+02
3.110447e+02
3.111444e+02
3.112449e+02
3.113451e+02
3.114451e+02
3.115451e+02
3.116452e+02
3.117451e+02
3.118449e+02
3.119450e+02
3.120451e+02
3.121452e+02
3.122451e+02
3.123451e+02
3.124454e+02
3.125452e+02
3.126481e+02
3.127457e+02
3.128454e+02
3.129452e+02
3.130454e+02
3.131453e+02
3.132454e+02
3.133454e+02
3.134454e+02
3.135458e+02
3.136456e+02
3.137459e+02
3.138458e+02
3.139456e+02
3.140457e+02
3.141459e+02
3.142457e+02
3.143457e+02
3.144457e+02
3.145456e+02
3.146456e+02
3.147461e+02
3.148458e+02
3.149462e+02
3.150459e+02
3.151457e+02
3.152458e+02
3.153458e+02
3.154460e+02
3.155457e+02
3.156459e+02
3.157461e+02
3.158461e+02
3.159462e+02
3.160460e+02
3.161465e+02
3.162464e+02
3.163465e+02
3.164465e+02
3.165464e+02
3.166466e+02
3.167465e+02
3.168470e+02
3.169463e+02
3.170466e+02
3.171472e+02
3.172465e+02
3.173466e+02
3.174467e+02
3.175475e+02
3.176465e+02
3.177466e+02
3.178467e+02
3.179468e+02
3.180469e+02
3.181470e+02
3.182478e+02
3.183467e+02
3.184468e+02
3.185468e+02
3.186468e+02
3.187469e+02
3.188468e+02
3.189473e+02
3.190469e+02
3.191470e+02
3.192470e+02
3.193471e+02
3.194474e+02
3.195474e+02
3.196478e+02
3.197468e+02
3.198470e+02
3.199469e+02
3.200471e+02
3.201472e+02
3.202473e+02
3.203475e+02
3.204475e+02
3.205475e+02
3.206475e+02
3.207475e+02
3.208475e+02
3.209476e+02
3.210475e+02
3.211473e+02
3.212475e+02
3.213476e+02
3.214476e+02
3.215479e+02
3.216477e+02
3.217477e+02
3.218477e+02
3.219478e+02
3.220479e+02
3.221478e+02
3.222658e+02
3.223477e+02
3.224479e+02
3.225481e+02
3.226481e+02
3.227481e+02
3.228481e+02
3.229480e+02
3.230538e+02
3.231479e+02
3.232481e+02
3.233481e+02
3.234482e+02
3.235483e+02
3.236484e+02
3.237484e+02
3.238487e+02
3.239483e+02
3.240485e+02
3.241484e+02
3.242484e+02
3.243486e+02
3.244486e+02
3.245487e+02
3.246487e+02
3.247486e+02
3.248488e+02
3.249489e+02
3.250487e+02
3.251486e+02
3.252487e+02
3.253487e+02
3.254488e+02
3.255488e+02
3.256488e+02
3.257489e+02
3.258489e+02
3.259490e+02
3.260494e+02
3.261490e+02
3.262491e+02
3.263490e+02
3.264491e+02
3.265491e+02
3.266494e+02
3.267491e+02
3.268493e+02
3.269495e+02
3.270494e+02
3.271498e+02
3.272492e+02
3.273493e+02
3.274500e+02
3.275494e+02
3.276493e+02
3.277503e+02
3.278497e+02
3.279496e+02
3.280504e+02
3.281510e+02
3.282500e+02
3.283496e+02
3.284507e+02
3.285500e+02
3.286497e+02
3.287497e+02
3.288501e+02
3.289498e+02
3.290498e+02
3.291509e+02
3.292505e+02
3.293502e+02
3.294512e+02
3.295502e+02
3.296499e+02
3.297500e+02
3.298505e+02
3.299502e+02
3.300500e+02
3.301501e+02
3.302511e+02
3.303502e+02
3.304503e+02
3.305508e+02
3.306506e+02
3.307503e+02
3.308505e+02
3.309503e+02
3.310504e+02
3.311504e+02
3.312504e+02
3.313513e+02
3.314507e+02
3.315622e+02
3.316504e+02
3.317505e+02
3.318505e+02
3.319506e+02
3.320505e+02
3.321507e+02
3.322509e+02
3.323508e+02
3.324509e+02
3.325509e+02
3.326531e+02
3.327510e+02
3.328510e+02
3.329509e+02
3.330512e+02
3.331510e+02
3.332511e+02
3.333510e+02
3.334511e+02
3.335512e+02
3.336513e+02
3.337512e+02
3.338513e+02
3.339512e+02
3.340513e+02
3.341514e+02
3.342513e+02
3.343512e+02
3.344515e+02
3.345512e+02
3.346515e+02
3.347515e+02
3.348516e+02
3.349536e+02
3.350516e+02
3.351516e+02
3.352586e+02
3.353514e+02
3.354516e+02
3.355780e+02
3.356517e+02
3.357518e+02
3.358518e+02
3.359520e+02
3.360521e+02
3.361519e+02
3.362518e+02
3.363520e+02
3.364520e+02
3.365519e+02
3.366519e+02
3.367520e+02
3.368521e+02
3.369522e+02
3.370522e+02
3.371528e+02
3.372522e+02
3.373523e+02
3.374523e+02
3.375523e+02
3.376523e+02
3.377523e+02
3.378524e+02
3.379524e+02
3.380526e+02
3.381525e+02
3.382528e+02
3.383526e+02
3.384526e+02
3.385526e+02
3.386526e+02
3.387527e+02
3.388528e+02
3.389529e+02
3.390528e+02
3.391530e+02
3.392529e+02
3.393530e+02
3.394530e+02
3.395529e+02
3.396529e+02
3.397528e+02
3.398529e+02
3.399530e+02
3.400530e+02
3.401531e+02
3.402531e+02
3.403529e+02
3.404534e+02
3.405535e+02
3.406532e+02
3.407532e+02
3.408532e+02
3.409533e+02
3.410533e+02
3.411534e+02
3.412534e+02
3.413534e+02
3.414535e+02
3.415536e+02
3.416540e+02
3.417535e+02
3.418534e+02
3.419538e+02
3.420537e+02
3.421536e+02
3.422537e+02
3.423537e+02
3.424537e+02
3.425538e+02
3.426549e+02
3.427543e+02
3.428538e+02
3.429580e+02
3.430539e+02
3.431539e+02
3.432540e+02
3.433541e+02
3.434541e+02
3.435541e+02
3.436542e+02
3.437545e+02
3.438544e+02
3.439542e+02
3.440544e+02
3.441543e+02
3.442542e+02
3.443543e+02
3.444544e+02
3.445545e+02
3.446544e+02
3.447548e+02
3.448546e+02
3.449550e+02
3.450551e+02
3.451550e+02
3.452548e+02
3.453546e+02
3.454548e+02
3.455546e+02
3.456549e+02
3.457552e+02
3.458549e+02
3.459550e+02
3.460553e+02
3.461551e+02
3.462550e+02
3.463548e+02
3.464552e+02
3.465552e+02
3.466551e+02
3.467553e+02
3.468557e+02
3.469551e+02
3.470558e+02
3.471558e+02
3.472558e+02
3.473556e+02
3.474556e+02
3.475557e+02
3.476552e+02
3.477557e+02
3.478560e+02
3.479559e+02
3.480560e+02
3.481562e+02
3.482563e+02
3.483578e+02
3.484566e+02
3.485561e+02
3.486558e+02
3.487558e+02
3.488560e+02
3.489558e+02
3.490557e+02
3.491559e+02
3.492562e+02
3.493563e+02
3.494562e+02
3.495559e+02
3.496559e+02
3.497558e+02
3.498561e+02
3.499561e+02
3.500561e+02
3.501562e+02
3.502560e+02
3.503562e+02
3.504564e+02
3.505566e+02
3.506564e+02
3.507563e+02
3.508562e+02
3.509559e+02
3.510560e+02
3.511564e+02
3.512565e+02
3.513566e+02
3.514567e+02
3.515565e+02
3.516574e+02
3.517567e+02
3.518568e+02
3.519564e+02
3.520576e+02
3.521568e+02
3.522571e+02
3.523567e+02
3.524580e+02
3.525568e+02
3.526570e+02
3.527584e+02
3.528579e+02
3.529568e+02
3.530568e+02
3.531575e+02
3.532578e+02
3.533569e+02
3.534579e+02
3.535577e+02
3.536571e+02
3.537571e+02
3.538579e+02
3.539582e+02
3.540571e+02
3.541581e+02
3.542581e+02
3.543572e+02
3.544574e+02
3.545580e+02
3.546584e+02
3.547574e+02
3.548589e+02
3.549590e+02
3.550578e+02
3.551577e+02
3.552579e+02
3.553575e+02
3.554573e+02
3.555580e+02
3.556576e+02
3.557577e+02
3.558578e+02
3.559587e+02
3.560586e+02
3.561589e+02
3.562584e+02
3.563581e+02
3.564579e+02
3.565579e+02
3.566590e+02
3.567586e+02
3.568584e+02
3.569584e+02
3.570578e+02
3.571582e+02
3.572584e+02
3.573582e+02
3.574582e+02
3.575584e+02
3.576586e+02
3.577587e+02
3.578583e+02
3.579582e+02
3.580583e+02
3.581588e+02
3.582587e+02
3.583602e+02
3.584584e+02
3.585584e+02
3.586585e+02
3.587584e+02
3.588586e+02
3.589586e+02
3.590586e+02
3.591587e+02
3.592589e+02
3.593587e+02
3.594594e+02
3.595588e+02
3.596588e+02
3.597588e+02
3.598591e+02
3.599589e+02
3.600589e+02
3.601590e+02
3.602589e+02
3.603590e+02
3.604592e+02
3.605656e+02
3.606590e+02
3.607590e+02
3.608592e+02
3.609589e+02
3.610593e+02
3.611594e+02
3.612594e+02
3.613595e+02
3.614594e+02
3.615594e+02
3.616597e+02
3.617598e+02
3.618597e+02
3.619596e+02
3.620596e+02
3.621598e+02
3.622594e+02
3.623597e+02
3.624597e+02
3.625622e+02
3.626598e+02
3.627598e+02
3.628603e+02
3.629597e+02
3.630599e+02
3.631598e+02
3.632599e+02
3.633600e+02
3.634599e+02
3.635599e+02
3.636600e+02
3.637601e+02
3.638602e+02
3.639604e+02
3.640600e+02
3.641600e+02
3.642603e+02
3.643601e+02
3.644604e+02
3.645603e+02
3.646602e+02
3.647601e+02
3.648605e+02
3.649605e+02
3.650605e+02
3.651603e+02
3.652605e+02
3.653607e+02
3.654605e+02
3.655606e+02
3.656607e+02
3.657609e+02
3.658607e+02
3.659607e+02
3.660608e+02
3.661611e+02
3.662611e+02
3.663608e+02
3.664610e+02
3.665610e+02
3.666609e+02
3.667611e+02
3.668610e+02
3.669611e+02
3.670611e+02
3.671609e+02
3.672617e+02
3.673610e+02
3.674612e+02
3.675612e+02
3.676612e+02
3.677612e+02
3.678613e+02
3.679613e+02
3.680613e+02
3.681623e+02
3.682616e+02
3.683615e+02
3.684633e+02
3.685613e+02
3.686615e+02
3.687615e+02
3.688614e+02
3.689618e+02
3.690616e+02
3.691616e+02
3.692616e+02
3.693634e+02
3.694617e+02
3.695619e+02
3.696617e+02
3.697617e+02
3.698618e+02
3.699618e+02
3.700618e+02
3.701618e+02
3.702619e+02
3.703619e+02
3.704620e+02
3.705621e+02
3.706621e+02
3.707620e+02
3.708620e+02
3.709620e+02
3.710621e+02
3.711621e+02
3.712620e+02
3.713622e+02
3.714622e+02
3.715622e+02
3.716625e+02
3.717630e+02
3.718623e+02
3.719624e+02
3.720626e+02
3.721819e+02
3.722625e+02
3.723625e+02
3.724625e+02
3.725628e+02
3.726626e+02
3.727627e+02
3.728627e+02
3.729627e+02
3.730627e+02
3.731625e+02
3.732637e+02
3.733629e+02
3.734628e+02
3.735625e+02
3.736632e+02
3.737629e+02
3.738631e+02
3.739640e+02
3.740632e+02
3.741633e+02
3.742632e+02
3.743631e+02
3.744634e+02
3.745634e+02
3.746635e+02
3.747638e+02
3.748635e+02
3.749636e+02
3.750645e+02
3.751636e+02
3.752636e+02
3.753707e+02
3.754633e+02
3.755635e+02
3.756634e+02
3.757637e+02
3.758635e+02
3.759636e+02
3.760637e+02
3.761637e+02
3.762636e+02
3.763639e+02
3.764638e+02
3.765637e+02
3.766638e+02
3.767647e+02
3.768646e+02
3.769639e+02
3.770640e+02
3.771644e+02
3.772641e+02
3.773642e+02
3.774639e+02
3.775642e+02
3.776641e+02
3.777641e+02
3.778650e+02
3.779642e+02
3.780642e+02
3.781644e+02
3.782652e+02
3.783645e+02
3.784658e+02
3.785654e+02
3.786646e+02
3.787645e+02
3.788652e+02
3.789658e+02
3.790645e+02
3.791645e+02
3.792646e+02
3.793649e+02
3.794645e+02
3.795649e+02
3.796647e+02
3.797644e+02
3.798645e+02
3.799647e+02
3.800648e+02
3.801648e+02
3.802656e+02
3.803649e+02
3.804649e+02
3.805650e+02
3.806656e+02
3.807650e+02
3.808649e+02
3.809658e+02
3.810650e+02
3.811651e+02
3.812651e+02
3.813651e+02
3.814651e+02
3.815652e+02
3.816653e+02
3.817658e+02
3.818652e+02
3.819653e+02
3.820656e+02
3.821653e+02
3.822654e+02
3.823655e+02
3.824654e+02
3.825654e+02
3.826656e+02
3.827659e+02
3.828658e+02
3.829658e+02
3.830658e+02
3.831656e+02
3.832657e+02
3.833657e+02
3.834657e+02
3.835657e+02
3.836657e+02
3.837657e+02
3.838657e+02
3.839660e+02
3.840659e+02
3.841658e+02
3.842660e+02
3.843663e+02
3.844666e+02
3.845661e+02
3.846661e+02
3.847662e+02
3.848661e+02
3.849662e+02
3.850663e+02
3.851663e+02
3.852663e+02
3.853663e+02
3.854663e+02
3.855664e+02
3.856663e+02
3.857663e+02
3.858665e+02
3.859664e+02
3.860667e+02
3.861666e+02
3.862667e+02
3.863666e+02
3.864666e+02
3.865667e+02
3.866667e+02
3.867667e+02
3.868668e+02
3.869668e+02
3.870669e+02
3.871669e+02
3.872669e+02
3.873669e+02
3.874669e+02
3.875669e+02
3.876670e+02
3.877669e+02
3.878669e+02
3.879671e+02
3.880672e+02
3.881672e+02
3.882672e+02
3.883671e+02
3.884672e+02
3.885673e+02
3.886673e+02
3.887672e+02
3.888673e+02
3.889673e+02
3.890674e+02
3.891673e+02
3.892674e+02
3.893673e+02
3.894675e+02
3.895676e+02
3.896675e+02
3.897676e+02
3.898676e+02
3.899677e+02
3.900676e+02
3.901679e+02
3.902677e+02
3.903679e+02
3.904679e+02
3.905679e+02
3.906680e+02
3.907679e+02
3.908680e+02
3.909681e+02
3.910681e+02
3.911680e+02
3.912681e+02
3.913681e+02
3.914682e+02
3.915685e+02
3.916684e+02
3.917683e+02
3.918682e+02
3.919682e+02
3.920682e+02
3.921684e+02
3.922687e+02
3.923683e+02
3.924686e+02
3.925684e+02
3.926685e+02
3.927685e+02
3.928697e+02
3.929688e+02
3.930688e+02
3.931689e+02
3.932689e+02
3.933689e+02
3.934685e+02
3.935687e+02
3.936695e+02
3.937688e+02
3.938689e+02
3.939687e+02
3.940688e+02
3.941689e+02
3.942688e+02
3.943817e+02
3.944688e+02
3.945690e+02
3.946690e+02
3.947691e+02
3.948693e+02
3.949691e+02
3.950692e+02
3.951691e+02
3.952693e+02
3.953693e+02
3.954693e+02
3.955696e+02
3.956694e+02
3.957697e+02
3.958696e+02
3.959697e+02
3.960695e+02
3.961695e+02
3.962695e+02
3.963696e+02
3.964696e+02
3.965697e+02
3.966697e+02
3.967697e+02
3.968698e+02
3.969698e+02
3.970698e+02
3.971698e+02
3.972700e+02
3.973699e+02
3.974699e+02
3.975699e+02
3.976700e+02
3.977700e+02
3.978702e+02
3.979705e+02
3.980705e+02
3.981704e+02
3.982708e+02
3.983705e+02
3.984705e+02
3.985706e+02
3.986706e+02
3.987705e+02
3.988706e+02
3.989707e+02
3.990705e+02
3.991704e+02
3.992703e+02
3.993707e+02
3.994705e+02
3.995706e+02
3.996707e+02
3.997703e+02
3.998706e+02
3.999709e+02
4.000706e+02
4.001706e+02
4.002706e+02
4.003707e+02
4.004706e+02
4.005706e+02
4.006706e+02
4.007707e+02
4.008707e+02
4.009709e+02
4.010711e+02
4.011709e+02
4.012709e+02
4.013710e+02
4.014711e+02
4.015712e+02
4.016711e+02
4.017712e+02
4.018715e+02
4.019712e+02
4.020713e+02
4.021712e+02
4.022713e+02
4.023713e+02
4.024719e+02
4.025714e+02
4.026714e+02
4.027715e+02
4.028728e+02
4.029715e+02
4.030715e+02
4.031724e+02
4.032717e+02
4.033717e+02
4.034725e+02
4.035717e+02
4.036718e+02
4.037718e+02
4.038730e+02
4.039731e+02
4.040719e+02
4.041719e+02
4.042719e+02
4.043719e+02
4.044720e+02
4.045730e+02
4.046720e+02
4.047721e+02
4.048721e+02
4.049730e+02
4.050721e+02
4.051721e+02
4.052728e+02
4.053721e+02
4.054721e+02
4.055730e+02
4.056721e+02
4.057723e+02
4.058723e+02
4.059731e+02
4.060725e+02
4.061725e+02
4.062730e+02
4.063727e+02
4.064722e+02
4.065725e+02
4.066726e+02
4.067726e+02
4.068726e+02
4.069727e+02
4.070736e+02
4.071726e+02
4.072726e+02
4.073727e+02
4.074727e+02
4.075729e+02
4.076728e+02
4.077727e+02
4.078730e+02
4.079730e+02
4.080736e+02
4.081732e+02
4.082731e+02
4.083731e+02
4.084732e+02
4.085732e+02
4.086734e+02
4.087734e+02
4.088738e+02
4.089729e+02
4.090734e+02
4.091743e+02
4.092735e+02
4.093734e+02
4.094734e+02
4.095734e+02
4.096733e+02
4.097734e+02
4.098737e+02
4.099738e+02
4.100737e+02
4.101736e+02
4.102737e+02
4.103736e+02
4.104738e+02
4.105738e+02
4.106739e+02
4.107738e+02
4.108738e+02
4.109739e+02
4.110740e+02
4.111739e+02
4.112740e+02
4.113741e+02
4.114740e+02
4.115740e+02
4.116740e+02
4.117740e+02
4.118741e+02
4.119741e+02
4.120742e+02
4.121741e+02
4.122743e+02
4.123744e+02
4.124742e+02
4.125743e+02
4.126743e+02
4.127744e+02
4.128743e+02
4.129744e+02
4.130745e+02
4.131745e+02
4.132745e+02
4.133746e+02
4.134746e+02
4.135746e+02
4.136746e+02
4.137744e+02
4.138747e+02
4.139747e+02
4.140748e+02
4.141747e+02
4.142748e+02
4.143747e+02
4.144747e+02
4.145748e+02
4.146746e+02
4.147748e+02
4.148750e+02
4.149749e+02
4.150751e+02
4.151750e+02
4.152750e+02
4.153751e+02
4.154750e+02
4.155750e+02
4.156752e+02
4.157752e+02
4.158752e+02
4.159752e+02
4.160753e+02
4.161753e+02
4.162753e+02
4.163754e+02
4.164753e+02
4.165754e+02
4.166753e+02
4.167755e+02
4.168755e+02
4.169758e+02
4.170758e+02
4.171757e+02
4.172757e+02
4.173756e+02
4.174759e+02
4.175758e+02
4.176757e+02
4.177758e+02
4.178758e+02
4.179759e+02
4.180760e+02
4.181896e+02
4.182759e+02
4.183760e+02
4.184761e+02
4.185760e+02
4.186761e+02
4.187761e+02
4.188762e+02
4.189763e+02
4.190765e+02
4.191763e+02
4.192763e+02
4.193767e+02
4.194766e+02
4.195765e+02
4.196765e+02
4.197765e+02
4.198766e+02
4.199818e+02
4.200764e+02
4.201766e+02
4.202765e+02
4.203768e+02
4.204767e+02
4.205767e+02
4.206770e+02
4.207770e+02
4.208767e+02
4.209768e+02
4.210768e+02
4.211772e+02
4.212770e+02
4.213938e+02
4.214769e+02
4.215771e+02
4.216770e+02
4.217771e+02
4.218773e+02
4.219773e+02
4.220773e+02
4.221774e+02
4.222775e+02
4.223774e+02
4.224776e+02
4.225776e+02
4.226777e+02
4.227774e+02
4.228775e+02
4.229779e+02
4.230778e+02
4.231780e+02
4.232788e+02
4.233783e+02
4.234779e+02
4.235780e+02
4.236781e+02
4.237778e+02
4.238779e+02
4.239782e+02
4.240788e+02
4.241786e+02
4.242782e+02
4.243788e+02
4.244779e+02
4.245784e+02
4.246784e+02
4.247785e+02
4.248780e+02
4.249779e+02
4.250784e+02
4.251781e+02
4.252783e+02
4.253784e+02
4.254783e+02
4.255782e+02
4.256783e+02
4.257782e+02
4.258784e+02
4.259783e+02
4.260786e+02
4.261784e+02
4.262785e+02
4.263785e+02
4.264785e+02
4.265784e+02
4.266784e+02
4.267800e+02
4.268785e+02
4.269789e+02
4.270787e+02
4.271790e+02
4.272788e+02
4.273788e+02
4.274788e+02
4.275791e+02
4.276788e+02
4.277790e+02
4.278788e+02
4.279787e+02
4.280788e+02
4.281790e+02
4.282789e+02
4.283789e+02
4.284797e+02
4.285791e+02
