5.810189e-02
1.595528e-01
2.585132e-01
3.600116e-01
4.597898e-01
5.593450e-01
6.577454e-01
7.578299e-01
8.580151e-01
9.578245e-01
1.058692e+00
1.159349e+00
1.258142e+00
1.358084e+00
1.458129e+00
1.558396e+00
1.658510e+00
1.758181e+00
1.859462e+00
1.958361e+00
2.060633e+00
2.158799e+00
2.258364e+00
2.359257e+00
2.458545e+00
2.558541e+00
2.659997e+00
2.758597e+00
2.858575e+00
2.959212e+00
3.058830e+00
3.159086e+00
3.261133e+00
3.359951e+00
3.458865e+00
3.560935e+00
3.658927e+00
3.759032e+00
3.859666e+00
3.959172e+00
4.059283e+00
4.159914e+00
4.259353e+00
4.358705e+00
4.458125e+00
4.559785e+00
4.659330e+00
4.759537e+00
4.859683e+00
4.958318e+00
5.061192e+00
5.158382e+00
5.258086e+00
5.358536e+00
5.459527e+00
5.558453e+00
5.658914e+00
5.758723e+00
5.858802e+00
5.958822e+00
6.059465e+00
6.159061e+00
6.258608e+00
6.359921e+00
6.459472e+00
6.558830e+00
6.660468e+00
6.760447e+00
6.859375e+00
6.962629e+00
7.058998e+00
7.159882e+00
7.258893e+00
7.359433e+00
7.460357e+00
7.560271e+00
7.659259e+00
7.763630e+00
7.862386e+00
7.959312e+00
8.059377e+00
8.159338e+00
8.259220e+00
8.361638e+00
8.459435e+00
8.560451e+00
8.660408e+00
8.759972e+00
8.859897e+00
8.961396e+00
9.059586e+00
9.166526e+00
9.259762e+00
9.360397e+00
9.459942e+00
9.559852e+00
9.659925e+00
9.759796e+00
9.859710e+00
9.959596e+00
1.006249e+01
1.016072e+01
1.025983e+01
1.035996e+01
1.046026e+01
1.056011e+01
1.065997e+01
1.076042e+01
1.086046e+01
1.096089e+01
1.106655e+01
1.116125e+01
1.125986e+01
1.136035e+01
1.146067e+01
1.156032e+01
1.166050e+01
1.176080e+01
1.186070e+01
1.196257e+01
1.206061e+01
1.216563e+01
1.226133e+01
1.236079e+01
1.246077e+01
1.256100e+01
1.266026e+01
1.276015e+01
1.286095e+01
1.296068e+01
1.306081e+01
1.316109e+01
1.326129e+01
1.336500e+01
1.346113e+01
1.356097e+01
1.366132e+01
1.376099e+01
1.386148e+01
1.396141e+01
1.406124e+01
1.416168e+01
1.426295e+01
1.436324e+01
1.446132e+01
1.456093e+01
1.466106e+01
1.476121e+01
1.486262e+01
1.496153e+01
1.506131e+01
1.516398e+01
1.526143e+01
1.536384e+01
1.546329e+01
1.556188e+01
1.566441e+01
1.576301e+01
1.586206e+01
1.596204e+01
1.606208e+01
1.616149e+01
1.626203e+01
1.636461e+01
1.646334e+01
1.656233e+01
1.666174e+01
1.676217e+01
1.686235e+01
1.696260e+01
1.706220e+01
1.716275e+01
1.726349e+01
1.736242e+01
1.746299e+01
1.756247e+01
1.766316e+01
1.776322e+01
1.786330e+01
1.796254e+01
1.806706e+01
1.816270e+01
1.826493e+01
1.836410e+01
1.846367e+01
1.856478e+01
1.866676e+01
1.876311e+01
1.886250e+01
1.896455e+01
1.906394e+01
1.916422e+01
1.926578e+01
1.936357e+01
1.946389e+01
1.956780e+01
1.966456e+01
1.976388e+01
1.986471e+01
1.996324e+01
2.006326e+01
2.016533e+01
2.026280e+01
2.036358e+01
2.046398e+01
2.056528e+01
2.066910e+01
2.076461e+01
2.086547e+01
2.096447e+01
2.106396e+01
2.116396e+01
2.127041e+01
2.136462e+01
2.146420e+01
2.156711e+01
2.166372e+01
2.176449e+01
2.186442e+01
2.196685e+01
2.206444e+01
2.216571e+01
2.226386e+01
2.236370e+01
2.246386e+01
2.256416e+01
2.266414e+01
2.276385e+01
2.286497e+01
2.296707e+01
2.306569e+01
2.316543e+01
2.326391e+01
2.336429e+01
2.346416e+01
2.356473e+01
2.366825e+01
2.376521e+01
2.386531e+01
2.396448e+01
2.406636e+01
2.416842e+01
2.426646e+01
2.436450e+01
2.446468e+01
2.456423e+01
2.466435e+01
2.476501e+01
2.486450e+01
2.496446e+01
2.506475e+01
2.516481e+01
2.526508e+01
2.536569e+01
2.546483e+01
2.556479e+01
2.566473e+01
2.576483e+01
2.586466e+01
2.596478e+01
2.606633e+01
2.616721e+01
2.626576e+01
2.636668e+01
2.646633e+01
2.656468e+01
2.666646e+01
2.676579e+01
2.686727e+01
2.696552e+01
2.706676e+01
2.716660e+01
2.726523e+01
2.736534e+01
2.746587e+01
2.756947e+01
2.766851e+01
2.776724e+01
2.786603e+01
2.796656e+01
2.806572e+01
2.816571e+01
2.826562e+01
2.836525e+01
2.846680e+01
2.857104e+01
2.866958e+01
2.876642e+01
2.886608e+01
2.896749e+01
2.906589e+01
2.916602e+01
2.926759e+01
2.936624e+01
2.946621e+01
2.957345e+01
2.966611e+01
2.976924e+01
2.986819e+01
2.996800e+01
3.006861e+01
3.016615e+01
3.026695e+01
3.036661e+01
3.046640e+01
3.056642e+01
3.066640e+01
3.076624e+01
3.087001e+01
3.096918e+01
3.106862e+01
3.116913e+01
3.126695e+01
3.136674e+01
3.146653e+01
3.156685e+01
3.166864e+01
3.177062e+01
3.186778e+01
3.197203e+01
3.206738e+01
3.216904e+01
3.226828e+01
3.236685e+01
3.246677e+01
3.256765e+01
3.266699e+01
3.277000e+01
3.286992e+01
3.296937e+01
3.307056e+01
3.316939e+01
3.326707e+01
3.336805e+01
3.347210e+01
3.356878e+01
3.366775e+01
3.376861e+01
3.386737e+01
3.396781e+01
3.406821e+01
3.416908e+01
3.426865e+01
3.436834e+01
3.446972e+01
3.456810e+01
3.466825e+01
3.476819e+01
3.486835e+01
3.496826e+01
3.506842e+01
3.516891e+01
3.526988e+01
3.536866e+01
3.546857e+01
3.556896e+01
3.566857e+01
3.576859e+01
3.586867e+01
3.596805e+01
3.606867e+01
3.616867e+01
3.626919e+01
3.636891e+01
3.646902e+01
3.656894e+01
3.666922e+01
3.676950e+01
3.686950e+01
3.696937e+01
3.706936e+01
3.716955e+01
3.727033e+01
3.736955e+01
3.746936e+01
3.757022e+01
3.766967e+01
3.777018e+01
3.787295e+01
3.796981e+01
3.806966e+01
3.817883e+01
3.826845e+01
3.837105e+01
3.846972e+01
3.856932e+01
3.866947e+01
3.876917e+01
3.887012e+01
3.897220e+01
3.907007e+01
3.916976e+01
3.927017e+01
3.937004e+01
3.947011e+01
3.956991e+01
3.967022e+01
3.977017e+01
3.987001e+01
3.997069e+01
4.007043e+01
4.017022e+01
4.027025e+01
4.037045e+01
4.047025e+01
4.057022e+01
4.067067e+01
4.077059e+01
4.087057e+01
4.097058e+01
4.107059e+01
4.117149e+01
4.131387e+01
4.136946e+01
4.147188e+01
4.157057e+01
4.167068e+01
4.177059e+01
4.187070e+01
4.197159e+01
4.207072e+01
4.217064e+01
4.227160e+01
4.237092e+01
4.247131e+01
4.257091e+01
4.267080e+01
4.277117e+01
4.287114e+01
4.297102e+01
4.307215e+01
4.317091e+01
4.327106e+01
4.337158e+01
4.347174e+01
4.357127e+01
4.367116e+01
4.377124e+01
4.387143e+01
4.397119e+01
4.407176e+01
4.417171e+01
4.427145e+01
4.437068e+01
4.447337e+01
4.457134e+01
4.467124e+01
4.477154e+01
4.487191e+01
4.497178e+01
4.507190e+01
4.517191e+01
4.527223e+01
4.537342e+01
4.547229e+01
4.557254e+01
4.567181e+01
4.577172e+01
4.587218e+01
4.597170e+01
4.607194e+01
4.617183e+01
4.627216e+01
4.637209e+01
4.647246e+01
4.657218e+01
4.667213e+01
4.677420e+01
4.687192e+01
4.697197e+01
4.707232e+01
4.717195e+01
4.727164e+01
4.737257e+01
4.747227e+01
4.757254e+01
4.767243e+01
4.777257e+01
4.787244e+01
4.797253e+01
4.807308e+01
4.817255e+01
4.827251e+01
4.837263e+01
4.847275e+01
4.857205e+01
4.867440e+01
4.877283e+01
4.887285e+01
4.897312e+01
4.907293e+01
4.917284e+01
4.927283e+01
4.937281e+01
4.947263e+01
4.957237e+01
4.967255e+01
4.977296e+01
4.987296e+01
4.997302e+01
5.007390e+01
5.017364e+01
5.027228e+01
5.037458e+01
5.047322e+01
5.057291e+01
5.067294e+01
5.077340e+01
5.087443e+01
5.097342e+01
5.107359e+01
5.117391e+01
5.127366e+01
5.137360e+01
5.147366e+01
5.157463e+01
5.167360e+01
5.177332e+01
5.187377e+01
5.197353e+01
5.207389e+01
5.217375e+01
5.227438e+01
5.237376e+01
5.247292e+01
5.257531e+01
5.267549e+01
5.277403e+01
5.287445e+01
5.297436e+01
5.307491e+01
5.317707e+01
5.328763e+01
5.337371e+01
5.347456e+01
5.357429e+01
5.367370e+01
5.377343e+01
5.387487e+01
5.397558e+01
5.407469e+01
5.417451e+01
5.427876e+01
5.437459e+01
5.447450e+01
5.457457e+01
5.467498e+01
5.477454e+01
5.487449e+01
5.497483e+01
5.507540e+01
5.517456e+01
5.527517e+01
5.537552e+01
5.547484e+01
5.557498e+01
5.567563e+01
5.577526e+01
5.587471e+01
5.597467e+01
5.607570e+01
5.617493e+01
5.627532e+01
5.637532e+01
5.647590e+01
5.657497e+01
5.667527e+01
5.677615e+01
5.687531e+01
5.697527e+01
5.707554e+01
5.717550e+01
5.727522e+01
5.737521e+01
5.747616e+01
5.757705e+01
5.767542e+01
5.777588e+01
5.787645e+01
5.797544e+01
5.807563e+01
5.817551e+01
5.827547e+01
5.837562e+01
5.847500e+01
5.857766e+01
5.867685e+01
5.877589e+01
5.887586e+01
5.897631e+01
5.907589e+01
5.917583e+01
5.927597e+01
5.937599e+01
5.947619e+01
5.957532e+01
5.967932e+01
5.977571e+01
5.987596e+01
5.997606e+01
6.007665e+01
6.017615e+01
6.027604e+01
6.037606e+01
6.047623e+01
6.057619e+01
6.067638e+01
6.077636e+01
6.087682e+01
6.099883e+01
6.107573e+01
6.117701e+01
6.127673e+01
6.137689e+01
6.147674e+01
6.157679e+01
6.167672e+01
6.177705e+01
6.187695e+01
6.197787e+01
6.207724e+01
6.217701e+01
6.227732e+01
6.237737e+01
6.247709e+01
6.257691e+01
6.267708e+01
6.277730e+01
6.287716e+01
6.297705e+01
6.307845e+01
6.317727e+01
6.327729e+01
6.337755e+01
6.347814e+01
6.357731e+01
6.367746e+01
6.377739e+01
6.387712e+01
6.397707e+01
6.407744e+01
6.417904e+01
6.427750e+01
6.437750e+01
6.447764e+01
6.457761e+01
6.467772e+01
6.477770e+01
6.487719e+01
6.497742e+01
6.507785e+01
6.517779e+01
6.527823e+01
6.537804e+01
6.547789e+01
6.557890e+01
6.567812e+01
6.577794e+01
6.587805e+01
6.597797e+01
6.607819e+01
6.617855e+01
6.627863e+01
6.637859e+01
6.648018e+01
6.657829e+01
6.667836e+01
6.677958e+01
6.687872e+01
6.697828e+01
6.707846e+01
6.717871e+01
6.727870e+01
6.737875e+01
6.747894e+01
6.758024e+01
6.767891e+01
6.777874e+01
6.787928e+01
6.797874e+01
6.807896e+01
6.817884e+01
6.827876e+01
6.837896e+01
6.847895e+01
6.857893e+01
6.868045e+01
6.877817e+01
6.887889e+01
6.897866e+01
6.908013e+01
6.917973e+01
6.927975e+01
6.937997e+01
6.947977e+01
6.957976e+01
6.967992e+01
6.977970e+01
6.987895e+01
6.997941e+01
7.008006e+01
7.017951e+01
7.027946e+01
7.037946e+01
7.047964e+01
7.057966e+01
7.067975e+01
7.077974e+01
7.088134e+01
7.098144e+01
7.108148e+01
7.118087e+01
7.128041e+01
7.137991e+01
7.148001e+01
7.158163e+01
7.168008e+01
7.178001e+01
7.188073e+01
7.198173e+01
7.208018e+01
7.218049e+01
7.228051e+01
7.238274e+01
7.248038e+01
7.258045e+01
7.268142e+01
7.278040e+01
7.288223e+01
7.298196e+01
7.308187e+01
7.318061e+01
7.328078e+01
7.338113e+01
7.348021e+01
7.358094e+01
7.367978e+01
7.378144e+01
7.388131e+01
7.398165e+01
7.408174e+01
7.418116e+01
7.428106e+01
7.438105e+01
7.448116e+01
7.458148e+01
7.468106e+01
7.478118e+01
7.488117e+01
7.498104e+01
7.508078e+01
7.518132e+01
7.528141e+01
7.538133e+01
7.548224e+01
7.558158e+01
7.568187e+01
7.578160e+01
7.588093e+01
7.598160e+01
7.608158e+01
7.618178e+01
7.628182e+01
7.638123e+01
7.648236e+01
7.658220e+01
7.668122e+01
7.678236e+01
7.688219e+01
7.698125e+01
7.708158e+01
7.718208e+01
7.728210e+01
7.738212e+01
7.748150e+01
7.758204e+01
7.768212e+01
7.778243e+01
7.788321e+01
7.798253e+01
7.808230e+01
7.818144e+01
7.828361e+01
7.838170e+01
7.848186e+01
7.858183e+01
7.868264e+01
7.878183e+01
7.888191e+01
7.898337e+01
7.908143e+01
7.918187e+01
7.928313e+01
7.938206e+01
7.948230e+01
7.958308e+01
7.968299e+01
7.978228e+01
7.988246e+01
7.998321e+01
8.008253e+01
8.018244e+01
8.028240e+01
8.038309e+01
8.048250e+01
8.058261e+01
8.068283e+01
8.078291e+01
8.088276e+01
8.098274e+01
8.108356e+01
8.118220e+01
8.128248e+01
8.138264e+01
8.148364e+01
8.158301e+01
8.168311e+01
8.178348e+01
8.188316e+01
8.198310e+01
8.208416e+01
8.218412e+01
8.228375e+01
8.238347e+01
8.248344e+01
8.258332e+01
8.268350e+01
8.278414e+01
8.288437e+01
8.298350e+01
8.308375e+01
8.318365e+01
8.328366e+01
8.338368e+01
8.348443e+01
8.358367e+01
8.368366e+01
8.378380e+01
8.388464e+01
8.398386e+01
8.408406e+01
8.419061e+01
8.428287e+01
8.438570e+01
8.448428e+01
8.458367e+01
8.468310e+01
8.478360e+01
8.488405e+01
8.498446e+01
8.508423e+01
8.518519e+01
8.528420e+01
8.538406e+01
8.548414e+01
8.558427e+01
8.568416e+01
8.578419e+01
8.588483e+01
8.598429e+01
8.608436e+01
8.618451e+01
8.628453e+01
8.638440e+01
8.648455e+01
8.658446e+01
8.668532e+01
8.678458e+01
8.688456e+01
8.698463e+01
8.708477e+01
8.718464e+01
8.728467e+01
8.738464e+01
8.748471e+01
8.758515e+01
8.768474e+01
8.778494e+01
8.788493e+01
8.798508e+01
8.808500e+01
8.818503e+01
8.828514e+01
8.838514e+01
8.848534e+01
8.858525e+01
8.868532e+01
8.878536e+01
8.888533e+01
8.898536e+01
8.908540e+01
8.918542e+01
8.928543e+01
8.938584e+01
8.948537e+01
8.958548e+01
8.968540e+01
8.978548e+01
8.988575e+01
8.998579e+01
9.008567e+01
9.018583e+01
9.028578e+01
9.038565e+01
9.048580e+01
9.058584e+01
9.068593e+01
9.078586e+01
9.088594e+01
9.098609e+01
9.108603e+01
9.118594e+01
9.128761e+01
9.138609e+01
9.148630e+01
9.158615e+01
9.168623e+01
9.178625e+01
9.188613e+01
9.198646e+01
9.208657e+01
9.218584e+01
9.228577e+01
9.238635e+01
9.248633e+01
9.258610e+01
9.268653e+01
9.278652e+01
9.288638e+01
9.298676e+01
9.308677e+01
9.318669e+01
9.328695e+01
9.338761e+01
9.348649e+01
9.358608e+01
9.368786e+01
9.378772e+01
9.388890e+01
9.398688e+01
9.408700e+01
9.418760e+01
9.428716e+01
9.438740e+01
9.448733e+01
9.458717e+01
9.468735e+01
9.478726e+01
9.488764e+01
9.498709e+01
9.508766e+01
9.518862e+01
9.528776e+01
9.538752e+01
9.548783e+01
9.558780e+01
9.568742e+01
9.578711e+01
9.588793e+01
9.598722e+01
9.608885e+01
9.618834e+01
9.628838e+01
9.638840e+01
9.648744e+01
9.658766e+01
9.671089e+01
9.678713e+01
9.688839e+01
9.698793e+01
9.708799e+01
9.718809e+01
9.728894e+01
9.738806e+01
9.748794e+01
9.758811e+01
9.768878e+01
9.778802e+01
9.788829e+01
9.798812e+01
9.808823e+01
9.818838e+01
9.828845e+01
9.840263e+01
9.848738e+01
9.858826e+01
9.868840e+01
9.878910e+01
9.888897e+01
9.898898e+01
9.908926e+01
9.918911e+01
9.928886e+01
9.938930e+01
9.948871e+01
9.958885e+01
9.968829e+01
9.978852e+01
9.988965e+01
9.998837e+01
1.000887e+02
1.001885e+02
1.002885e+02
1.003885e+02
1.004887e+02
1.005888e+02
1.006886e+02
1.007889e+02
1.008890e+02
1.009890e+02
1.010890e+02
1.011892e+02
1.012885e+02
1.013895e+02
1.014890e+02
1.015884e+02
1.016889e+02
1.017889e+02
1.018890e+02
1.019902e+02
1.020892e+02
1.021893e+02
1.022899e+02
1.023891e+02
1.024894e+02
1.025895e+02
1.026895e+02
1.027892e+02
1.028904e+02
1.029894e+02
1.030889e+02
1.031917e+02
1.032907e+02
1.033896e+02
1.034895e+02
1.035909e+02
1.036904e+02
1.037898e+02
1.038908e+02
1.039911e+02
1.040910e+02
1.041907e+02
1.042900e+02
1.043907e+02
1.044901e+02
1.045910e+02
1.046907e+02
1.047905e+02
1.048904e+02
1.049903e+02
1.050909e+02
1.051904e+02
1.052905e+02
1.053908e+02
1.054906e+02
1.055904e+02
1.057147e+02
1.057897e+02
1.058910e+02
1.059921e+02
1.060919e+02
1.061919e+02
1.062912e+02
1.063911e+02
1.064920e+02
1.065907e+02
1.066907e+02
1.067916e+02
1.068987e+02
1.069902e+02
1.070925e+02
1.071917e+02
1.072910e+02
1.073911e+02
1.074917e+02
1.075909e+02
1.076910e+02
1.077918e+02
1.078914e+02
1.079912e+02
1.080912e+02
1.081916e+02
1.082912e+02
1.083912e+02
1.084916e+02
1.085916e+02
1.086914e+02
1.087912e+02
1.088913e+02
1.089918e+02
1.090913e+02
1.092113e+02
1.092909e+02
1.093927e+02
1.094919e+02
1.095925e+02
1.096927e+02
1.097922e+02
1.098913e+02
1.099929e+02
1.100915e+02
1.101912e+02
1.102926e+02
1.103937e+02
1.104927e+02
1.105920e+02
1.106921e+02
1.107920e+02
1.108917e+02
1.109917e+02
1.110921e+02
1.111920e+02
1.112920e+02
1.113920e+02
1.114921e+02
1.115922e+02
1.116922e+02
1.117925e+02
1.118924e+02
1.119920e+02
1.120922e+02
1.121923e+02
1.122923e+02
1.123924e+02
1.124925e+02
1.125926e+02
1.126924e+02
1.127925e+02
1.128926e+02
1.129921e+02
1.130929e+02
1.131933e+02
1.132930e+02
1.133932e+02
1.134934e+02
1.135932e+02
1.136932e+02
1.137935e+02
1.138933e+02
1.139923e+02
1.140934e+02
1.141933e+02
1.142934e+02
1.143933e+02
1.144932e+02
1.145933e+02
1.146936e+02
1.147936e+02
1.148936e+02
1.149935e+02
1.150931e+02
1.151933e+02
1.152935e+02
1.153935e+02
1.154936e+02
1.155935e+02
1.156935e+02
1.157940e+02
1.158932e+02
1.159941e+02
1.160935e+02
1.161935e+02
1.162934e+02
1.163936e+02
1.164936e+02
1.165932e+02
1.166931e+02
1.167938e+02
1.168939e+02
1.169939e+02
1.170962e+02
1.171935e+02
1.172937e+02
1.173941e+02
1.174940e+02
1.175941e+02
1.176943e+02
1.177942e+02
1.178943e+02
1.179941e+02
1.180937e+02
1.181935e+02
1.182943e+02
1.183942e+02
1.184943e+02
1.185944e+02
1.186943e+02
1.187944e+02
1.188965e+02
1.189956e+02
1.190952e+02
1.191945e+02
1.192964e+02
1.193944e+02
1.194946e+02
1.195949e+02
1.196950e+02
1.197949e+02
1.198950e+02
1.199952e+02
1.200949e+02
1.201945e+02
1.202950e+02
1.203951e+02
1.204953e+02
1.205952e+02
1.206954e+02
1.207948e+02
1.208950e+02
1.209982e+02
1.210968e+02
1.211945e+02
1.212974e+02
1.213954e+02
1.214952e+02
1.215951e+02
1.216955e+02
1.217971e+02
1.218972e+02
1.219959e+02
1.220974e+02
1.221949e+02
1.222995e+02
1.223950e+02
1.224955e+02
1.225956e+02
1.226957e+02
1.227956e+02
1.228956e+02
1.229956e+02
1.230959e+02
1.231965e+02
1.232977e+02
1.233960e+02
1.234958e+02
1.235957e+02
1.236958e+02
1.237979e+02
1.238964e+02
1.239966e+02
1.240966e+02
1.241984e+02
1.242956e+02
1.243963e+02
1.244964e+02
1.245963e+02
1.246970e+02
1.247972e+02
1.248967e+02
1.249970e+02
1.250968e+02
1.251970e+02
1.252968e+02
1.253964e+02
1.254966e+02
1.255966e+02
1.256970e+02
1.257970e+02
1.258970e+02
1.259969e+02
1.260966e+02
1.261973e+02
1.262973e+02
1.263967e+02
1.264969e+02
1.265980e+02
1.266969e+02
1.267970e+02
1.268994e+02
1.269973e+02
1.270974e+02
1.271975e+02
1.272980e+02
1.273971e+02
1.274971e+02
1.275981e+02
1.276974e+02
1.277971e+02
1.278972e+02
1.279972e+02
1.280972e+02
1.281976e+02
1.282985e+02
1.283990e+02
1.284978e+02
1.285977e+02
1.286993e+02
1.287980e+02
1.289013e+02
1.289974e+02
1.290981e+02
1.291980e+02
1.292983e+02
1.294003e+02
1.294978e+02
1.295977e+02
1.296979e+02
1.297978e+02
1.298978e+02
1.299979e+02
1.300992e+02
1.301988e+02
1.302989e+02
1.303998e+02
1.304977e+02
1.306001e+02
1.306988e+02
1.307995e+02
1.308988e+02
1.309989e+02
1.310997e+02
1.311990e+02
1.312990e+02
1.313996e+02
1.315002e+02
1.315992e+02
1.316992e+02
1.317999e+02
1.318992e+02
1.319994e+02
1.320991e+02
1.322000e+02
1.322992e+02
1.323992e+02
1.324988e+02
1.325995e+02
1.326992e+02
1.327988e+02
1.328988e+02
1.329990e+02
1.330992e+02
1.331996e+02
1.332998e+02
1.333993e+02
1.334995e+02
1.335989e+02
1.337001e+02
1.337999e+02
1.339006e+02
1.340008e+02
1.341066e+02
1.341988e+02
1.342988e+02
1.344000e+02
1.344991e+02
1.345988e+02
1.347001e+02
1.347998e+02
1.348997e+02
1.349998e+02
1.350998e+02
1.351998e+02
1.352999e+02
1.354002e+02
1.354999e+02
1.355996e+02
1.356991e+02
1.358005e+02
1.359005e+02
1.359999e+02
1.361001e+02
1.361999e+02
1.363000e+02
1.364000e+02
1.365000e+02
1.366001e+02
1.366998e+02
1.367999e+02
1.369000e+02
1.370002e+02
1.371005e+02
1.372003e+02
1.373003e+02
1.374005e+02
1.375007e+02
1.376005e+02
1.376999e+02
1.378018e+02
1.379013e+02
1.380005e+02
1.381005e+02
1.382006e+02
1.383009e+02
1.384010e+02
1.385009e+02
1.386010e+02
1.387004e+02
1.388005e+02
1.389015e+02
1.390011e+02
1.391011e+02
1.392027e+02
1.393027e+02
1.394015e+02
1.395007e+02
1.396015e+02
1.397015e+02
1.398004e+02
1.399028e+02
1.400028e+02
1.401031e+02
1.402034e+02
1.403036e+02
1.404034e+02
1.405032e+02
1.406034e+02
1.407032e+02
1.408013e+02
1.409014e+02
1.410025e+02
1.411015e+02
1.412017e+02
1.413018e+02
1.414017e+02
1.415020e+02
1.416021e+02
1.417031e+02
1.418014e+02
1.419015e+02
1.420019e+02
1.421021e+02
1.422021e+02
1.423018e+02
1.424025e+02
1.425040e+02
1.426024e+02
1.427028e+02
1.428025e+02
1.429043e+02
1.430026e+02
1.431028e+02
1.432027e+02
1.433027e+02
1.434027e+02
1.435028e+02
1.436026e+02
1.437027e+02
1.438069e+02
1.439019e+02
1.440023e+02
1.441045e+02
1.442041e+02
1.443041e+02
1.444045e+02
1.445045e+02
1.446046e+02
1.447046e+02
1.448045e+02
1.449046e+02
1.450067e+02
1.451047e+02
1.452049e+02
1.453046e+02
1.454046e+02
1.455046e+02
1.456048e+02
1.457045e+02
1.458052e+02
1.459056e+02
1.460048e+02
1.461048e+02
1.462047e+02
1.463050e+02
1.464046e+02
1.465052e+02
1.466051e+02
1.467049e+02
1.468049e+02
1.469057e+02
1.470051e+02
1.471051e+02
1.472057e+02
1.473060e+02
1.474051e+02
1.475051e+02
1.476051e+02
1.477053e+02
1.478053e+02
1.479051e+02
1.480040e+02
1.481073e+02
1.482052e+02
1.483046e+02
1.484058e+02
1.485055e+02
1.486055e+02
1.487067e+02
1.488056e+02
1.489058e+02
1.490059e+02
1.491056e+02
1.492066e+02
1.493056e+02
1.494059e+02
1.495057e+02
1.496058e+02
1.497052e+02
1.498046e+02
1.499037e+02
1.500056e+02
1.501058e+02
1.502056e+02
1.503056e+02
1.504056e+02
1.505057e+02
1.506056e+02
1.507055e+02
1.508041e+02
1.509052e+02
1.510047e+02
1.511049e+02
1.512048e+02
1.513053e+02
1.514044e+02
1.515050e+02
1.516054e+02
1.517052e+02
1.518053e+02
1.519055e+02
1.520053e+02
1.521052e+02
1.522068e+02
1.523063e+02
1.524048e+02
1.525048e+02
1.526060e+02
1.527049e+02
1.528048e+02
1.529044e+02
1.530064e+02
1.531058e+02
1.532056e+02
1.533060e+02
1.534055e+02
1.535051e+02
1.536053e+02
1.537067e+02
1.538059e+02
1.539060e+02
1.540062e+02
1.541065e+02
1.542062e+02
1.543062e+02
1.544054e+02
1.545056e+02
1.546057e+02
1.547057e+02
1.548059e+02
1.549053e+02
1.550059e+02
1.551067e+02
1.552060e+02
1.553060e+02
1.554069e+02
1.555061e+02
1.556058e+02
1.557059e+02
1.558069e+02
1.559059e+02
1.560060e+02
1.561059e+02
1.562068e+02
1.563062e+02
1.564065e+02
1.565064e+02
1.566059e+02
1.567064e+02
1.568064e+02
1.569066e+02
1.570067e+02
1.571064e+02
1.572061e+02
1.573065e+02
1.574066e+02
1.575060e+02
1.576064e+02
1.577071e+02
1.578068e+02
1.579067e+02
1.580067e+02
1.581067e+02
1.582068e+02
1.583067e+02
1.584068e+02
1.585069e+02
1.586071e+02
1.587071e+02
1.588075e+02
1.589077e+02
1.590073e+02
1.591073e+02
1.592075e+02
1.593078e+02
1.594074e+02
1.595075e+02
1.596068e+02
1.597083e+02
1.598078e+02
1.599085e+02
1.600081e+02
1.601078e+02
1.602078e+02
1.603085e+02
1.604071e+02
1.605076e+02
1.606072e+02
1.607077e+02
1.608077e+02
1.609074e+02
1.610079e+02
1.611085e+02
1.612083e+02
1.613081e+02
1.614084e+02
1.615081e+02
1.616073e+02
1.617096e+02
1.618082e+02
1.619080e+02
1.620082e+02
1.621083e+02
1.622083e+02
1.623082e+02
1.624077e+02
1.625085e+02
1.626084e+02
1.627081e+02
1.628083e+02
1.629077e+02
1.630081e+02
1.631084e+02
1.632102e+02
1.633079e+02
1.634082e+02
1.635082e+02
1.636085e+02
1.637086e+02
1.638086e+02
1.639086e+02
1.640085e+02
1.641085e+02
1.642085e+02
1.643088e+02
1.644090e+02
1.645082e+02
1.646095e+02
1.647090e+02
1.648091e+02
1.649091e+02
1.650108e+02
1.651095e+02
1.652094e+02
1.653096e+02
1.654095e+02
1.655096e+02
1.656096e+02
1.657117e+02
1.658091e+02
1.659116e+02
1.660146e+02
1.661089e+02
1.662108e+02
1.663097e+02
1.664097e+02
1.665097e+02
1.666098e+02
1.667099e+02
1.668090e+02
1.669101e+02
1.670095e+02
1.671115e+02
1.672094e+02
1.673126e+02
1.674098e+02
1.675119e+02
1.676104e+02
1.677104e+02
1.678096e+02
1.679104e+02
1.680099e+02
1.681119e+02
1.682100e+02
1.683191e+02
1.684094e+02
1.685099e+02
1.686102e+02
1.687102e+02
1.688102e+02
1.689105e+02
1.690096e+02
1.691103e+02
1.692122e+02
1.693112e+02
1.694112e+02
1.695109e+02
1.696109e+02
1.697108e+02
1.698111e+02
1.699130e+02
1.700132e+02
1.701118e+02
1.702131e+02
1.703133e+02
1.704123e+02
1.705130e+02
1.706126e+02
1.707130e+02
1.708134e+02
1.709105e+02
1.710111e+02
1.711108e+02
1.712113e+02
1.713113e+02
1.714108e+02
1.715116e+02
1.716116e+02
1.717119e+02
1.718116e+02
1.719113e+02
1.720114e+02
1.721126e+02
1.722134e+02
1.723124e+02
1.724136e+02
1.725115e+02
1.726110e+02
1.727116e+02
1.728124e+02
1.729117e+02
1.730112e+02
1.731119e+02
1.732116e+02
1.733115e+02
1.734119e+02
1.735120e+02
1.736117e+02
1.737117e+02
1.738120e+02
1.739120e+02
1.740113e+02
1.741123e+02
1.742122e+02
1.743119e+02
1.744121e+02
1.745122e+02
1.746120e+02
1.747116e+02
1.748128e+02
1.749123e+02
1.750124e+02
1.751122e+02
1.752142e+02
1.753125e+02
1.754129e+02
1.755131e+02
1.756129e+02
1.757124e+02
1.758137e+02
1.759132e+02
1.760129e+02
1.761130e+02
1.762133e+02
1.763132e+02
1.764132e+02
1.765132e+02
1.766137e+02
1.767131e+02
1.768136e+02
1.769133e+02
1.770132e+02
1.771122e+02
1.772132e+02
1.773134e+02
1.774137e+02
1.775126e+02
1.776138e+02
1.777131e+02
1.778135e+02
1.779133e+02
1.780131e+02
1.781126e+02
1.782147e+02
1.783140e+02
1.784140e+02
1.785131e+02
1.786146e+02
1.787143e+02
1.788141e+02
1.789132e+02
1.790141e+02
1.791145e+02
1.792132e+02
1.793134e+02
1.794144e+02
1.795147e+02
1.796136e+02
1.797136e+02
1.798144e+02
1.799145e+02
1.800148e+02
1.801137e+02
1.802132e+02
1.803139e+02
1.804134e+02
1.805147e+02
1.806140e+02
1.807140e+02
1.808141e+02
1.809141e+02
1.810142e+02
1.811145e+02
1.812145e+02
1.813145e+02
1.814145e+02
1.815148e+02
1.816153e+02
1.817148e+02
1.818153e+02
1.819140e+02
1.820155e+02
1.821150e+02
1.822151e+02
1.823150e+02
1.824139e+02
1.825155e+02
1.826146e+02
1.827145e+02
1.828146e+02
1.829152e+02
1.830147e+02
1.831140e+02
1.832154e+02
1.833144e+02
1.834152e+02
1.835154e+02
1.836151e+02
1.837159e+02
1.838158e+02
1.839154e+02
1.840153e+02
1.841156e+02
1.842155e+02
1.843152e+02
1.844151e+02
1.845151e+02
1.846153e+02
1.847153e+02
1.848151e+02
1.849153e+02
1.850152e+02
1.851154e+02
1.852153e+02
1.853153e+02
1.854150e+02
1.855181e+02
1.856156e+02
1.857187e+02
1.858152e+02
1.859156e+02
1.860163e+02
1.861156e+02
1.862155e+02
1.863159e+02
1.864155e+02
1.865155e+02
1.866158e+02
1.867158e+02
1.868153e+02
1.869159e+02
1.870161e+02
1.871160e+02
1.872160e+02
1.873160e+02
1.874158e+02
1.875158e+02
1.876159e+02
1.877161e+02
1.878161e+02
1.879163e+02
1.880162e+02
1.881162e+02
1.882163e+02
1.883162e+02
1.884164e+02
1.885161e+02
1.886177e+02
1.887163e+02
1.888158e+02
1.889176e+02
1.890171e+02
1.891176e+02
1.892161e+02
1.893165e+02
1.894165e+02
1.895162e+02
1.896181e+02
1.897186e+02
1.898166e+02
1.899170e+02
1.900161e+02
1.901170e+02
1.902172e+02
1.903172e+02
1.904171e+02
1.905165e+02
1.906172e+02
1.907185e+02
1.908168e+02
1.909189e+02
1.910170e+02
1.911172e+02
1.912172e+02
1.913173e+02
1.914172e+02
1.915172e+02
1.916172e+02
1.917172e+02
1.918173e+02
1.919171e+02
1.920176e+02
1.921175e+02
1.922175e+02
1.923175e+02
1.924174e+02
1.925176e+02
1.926175e+02
1.927174e+02
1.928175e+02
1.929178e+02
1.930179e+02
1.931179e+02
1.932172e+02
1.933192e+02
1.934193e+02
1.935182e+02
1.936177e+02
1.937182e+02
1.938183e+02
1.939183e+02
1.940182e+02
1.941184e+02
1.942182e+02
1.943184e+02
1.944176e+02
1.945192e+02
1.946186e+02
1.947187e+02
1.948183e+02
1.949184e+02
1.950187e+02
1.951186e+02
1.952186e+02
1.953182e+02
1.954190e+02
1.955187e+02
1.956189e+02
1.957179e+02
1.958200e+02
1.959203e+02
1.960190e+02
1.961193e+02
1.962191e+02
1.963190e+02
1.964192e+02
1.965192e+02
1.966193e+02
1.967185e+02
1.968191e+02
1.969190e+02
1.970190e+02
1.971193e+02
1.972191e+02
1.973193e+02
1.974193e+02
1.975194e+02
1.976192e+02
1.977195e+02
1.978195e+02
1.979193e+02
1.980192e+02
1.981197e+02
1.982194e+02
1.983194e+02
1.984197e+02
1.985213e+02
1.986196e+02
1.987196e+02
1.988193e+02
1.989194e+02
1.990200e+02
1.991200e+02
1.992201e+02
1.993201e+02
1.994201e+02
1.995203e+02
1.996201e+02
1.997200e+02
1.998198e+02
1.999199e+02
2.000199e+02
2.001198e+02
2.002201e+02
2.003203e+02
2.004307e+02
2.005200e+02
2.006206e+02
2.007202e+02
2.008203e+02
2.009208e+02
2.010201e+02
2.011201e+02
2.012201e+02
2.013211e+02
2.014203e+02
2.015202e+02
2.016202e+02
2.017207e+02
2.018209e+02
2.019202e+02
2.020203e+02
2.021212e+02
2.022213e+02
2.023216e+02
2.024214e+02
2.025208e+02
2.026209e+02
2.027217e+02
2.028208e+02
2.029203e+02
2.030209e+02
2.031217e+02
2.032208e+02
2.033209e+02
2.034212e+02
2.035210e+02
2.036209e+02
2.037217e+02
2.038219e+02
2.039210e+02
2.040211e+02
2.041214e+02
2.042211e+02
2.043211e+02
2.044219e+02
2.045218e+02
2.046211e+02
2.047212e+02
2.048208e+02
2.049215e+02
2.050211e+02
2.051228e+02
2.052222e+02
2.053218e+02
2.054218e+02
2.055222e+02
2.056220e+02
2.057219e+02
2.058224e+02
2.059229e+02
2.060212e+02
2.061217e+02
2.062224e+02
2.063212e+02
2.064215e+02
2.065234e+02
2.066236e+02
2.067229e+02
2.068227e+02
2.069234e+02
2.070213e+02
2.071238e+02
2.072244e+02
2.073226e+02
2.074220e+02
2.075220e+02
2.076229e+02
2.077309e+02
2.078234e+02
2.079233e+02
2.080243e+02
2.081218e+02
2.082225e+02
2.083233e+02
2.084224e+02
2.085226e+02
2.086230e+02
2.087233e+02
2.088227e+02
2.089228e+02
2.090227e+02
2.091223e+02
2.092235e+02
2.093240e+02
2.094239e+02
2.095231e+02
2.096232e+02
2.097223e+02
2.098230e+02
2.099239e+02
2.100241e+02
2.101224e+02
2.102240e+02
2.103232e+02
2.104234e+02
2.105233e+02
2.106234e+02
2.107235e+02
2.108238e+02
2.109235e+02
2.110236e+02
2.111235e+02
2.112236e+02
2.113235e+02
2.114240e+02
2.115237e+02
2.116239e+02
2.117238e+02
2.118238e+02
2.119239e+02
2.120238e+02
2.121239e+02
2.122239e+02
2.123240e+02
2.124241e+02
2.125240e+02
2.126242e+02
2.127239e+02
2.128240e+02
2.129242e+02
2.130242e+02
2.131241e+02
2.132236e+02
2.133242e+02
2.134243e+02
2.135243e+02
2.136246e+02
2.137246e+02
2.138244e+02
2.139245e+02
2.140245e+02
2.141246e+02
2.142246e+02
2.143243e+02
2.144242e+02
2.145248e+02
2.146250e+02
2.147244e+02
2.148267e+02
2.149251e+02
2.150263e+02
2.151250e+02
2.152251e+02
2.153247e+02
2.154246e+02
2.155264e+02
2.156248e+02
2.157260e+02
2.158263e+02
2.159252e+02
2.160252e+02
2.161253e+02
2.162255e+02
2.163248e+02
2.164252e+02
2.165248e+02
2.166248e+02
2.167249e+02
2.168248e+02
2.169248e+02
2.170261e+02
2.171252e+02
2.172249e+02
2.173251e+02
2.174252e+02
2.175252e+02
2.176253e+02
2.177268e+02
2.178269e+02
2.179263e+02
2.180255e+02
2.181260e+02
2.182258e+02
2.183257e+02
2.184250e+02
2.185262e+02
2.186256e+02
2.187256e+02
2.188252e+02
2.189258e+02
2.190258e+02
2.191258e+02
2.192260e+02
2.193261e+02
2.194261e+02
2.195260e+02
2.196259e+02
2.197260e+02
2.198261e+02
2.199263e+02
2.200264e+02
2.201268e+02
2.202273e+02
2.203270e+02
2.204272e+02
2.205263e+02
2.206272e+02
2.207270e+02
2.208267e+02
2.209270e+02
2.210270e+02
2.211269e+02
2.212273e+02
2.213269e+02
2.214270e+02
2.215261e+02
2.216272e+02
2.217273e+02
2.218270e+02
2.219271e+02
2.220269e+02
2.221274e+02
2.222272e+02
2.223273e+02
2.224272e+02
2.225264e+02
2.226277e+02
2.227278e+02
2.228279e+02
2.229278e+02
2.230282e+02
2.231270e+02
2.232274e+02
2.233276e+02
2.234279e+02
2.235279e+02
2.236278e+02
2.237279e+02
2.238279e+02
2.239278e+02
2.240280e+02
2.241280e+02
2.242281e+02
2.243281e+02
2.244276e+02
2.245279e+02
2.246273e+02
2.247284e+02
2.248286e+02
2.249285e+02
2.250285e+02
2.251284e+02
2.252286e+02
2.253287e+02
2.254287e+02
2.255288e+02
2.256276e+02
2.257298e+02
2.258280e+02
2.259281e+02
2.260283e+02
2.261280e+02
2.262281e+02
2.263281e+02
2.264281e+02
2.265281e+02
2.266283e+02
2.267291e+02
2.268282e+02
2.269285e+02
2.270284e+02
2.271283e+02
2.272285e+02
2.273284e+02
2.274286e+02
2.275280e+02
2.276287e+02
2.277295e+02
2.278292e+02
2.279293e+02
2.280300e+02
2.281295e+02
2.282281e+02
2.283290e+02
2.284298e+02
2.285290e+02
2.286309e+02
2.287294e+02
2.288297e+02
2.289290e+02
2.290294e+02
2.291291e+02
2.292292e+02
2.293289e+02
2.294302e+02
2.295300e+02
2.296294e+02
2.297293e+02
2.298291e+02
2.299295e+02
2.300295e+02
2.301296e+02
2.302305e+02
2.303299e+02
2.304296e+02
2.305301e+02
2.306298e+02
2.307296e+02
2.308289e+02
2.309313e+02
2.310305e+02
2.311305e+02
2.312307e+02
2.313306e+02
2.314306e+02
2.315317e+02
2.316309e+02
2.317302e+02
2.318293e+02
2.319314e+02
2.320316e+02
2.321317e+02
2.322315e+02
2.323338e+02
2.324319e+02
2.325317e+02
2.326329e+02
2.327320e+02
2.328321e+02
2.329319e+02
2.330324e+02
2.331326e+02
2.332323e+02
2.333324e+02
2.334325e+02
2.335331e+02
2.336398e+02
2.337307e+02
2.338301e+02
2.339299e+02
2.340307e+02
2.341307e+02
2.342308e+02
2.343308e+02
2.344308e+02
2.345308e+02
2.346310e+02
2.347311e+02
2.348311e+02
2.349310e+02
2.350311e+02
2.351312e+02
2.352311e+02
2.353314e+02
2.354310e+02
2.355311e+02
2.356311e+02
2.357315e+02
2.358313e+02
2.359314e+02
2.360315e+02
2.361316e+02
2.362314e+02
2.363315e+02
2.364467e+02
2.365310e+02
2.366315e+02
2.367315e+02
2.368316e+02
2.369316e+02
2.370316e+02
2.371313e+02
2.372317e+02
2.373318e+02
2.374318e+02
2.375318e+02
2.376316e+02
2.377319e+02
2.378317e+02
2.379318e+02
2.380320e+02
2.381327e+02
2.382321e+02
2.383324e+02
2.384323e+02
2.385313e+02
2.386327e+02
2.387329e+02
2.388336e+02
2.389330e+02
2.390331e+02
2.391316e+02
2.392326e+02
2.393328e+02
2.394329e+02
2.395330e+02
2.396327e+02
2.397390e+02
2.398318e+02
2.399325e+02
2.400326e+02
2.401319e+02
2.402336e+02
2.403344e+02
2.404346e+02
2.405346e+02
2.406345e+02
2.407328e+02
2.408329e+02
2.409329e+02
2.410414e+02
2.411322e+02
2.412332e+02
2.413332e+02
2.414323e+02
2.415340e+02
2.416335e+02
2.417337e+02
2.418337e+02
2.419331e+02
2.420333e+02
2.421333e+02
2.422333e+02
2.423336e+02
2.424338e+02
2.425336e+02
2.426349e+02
2.427338e+02
2.428341e+02
2.429340e+02
2.430339e+02
2.431343e+02
2.432333e+02
2.433345e+02
2.434347e+02
2.435349e+02
2.436343e+02
2.437344e+02
2.438348e+02
2.439347e+02
2.440349e+02
2.441345e+02
2.442336e+02
2.443346e+02
2.444344e+02
2.445349e+02
2.446349e+02
2.447366e+02
2.448350e+02
2.449365e+02
2.450350e+02
2.451349e+02
2.452352e+02
2.453337e+02
2.454347e+02
2.455358e+02
2.456343e+02
2.457349e+02
2.458341e+02
2.459348e+02
2.460347e+02
2.461347e+02
2.462348e+02
2.463338e+02
2.464357e+02
2.465357e+02
2.466358e+02
2.467361e+02
2.468370e+02
2.469361e+02
2.470359e+02
2.471368e+02
2.472347e+02
2.473352e+02
2.474370e+02
2.475361e+02
2.476355e+02
2.477369e+02
2.478370e+02
2.479357e+02
2.480364e+02
2.481365e+02
2.482364e+02
2.483354e+02
2.484347e+02
2.485369e+02
2.486354e+02
2.487356e+02
2.488358e+02
2.489357e+02
2.490358e+02
2.491357e+02
2.492356e+02
2.493355e+02
2.494349e+02
2.495358e+02
2.496361e+02
2.497360e+02
2.498360e+02
2.499353e+02
2.500357e+02
2.501360e+02
2.502358e+02
2.503370e+02
2.504363e+02
2.505355e+02
2.506359e+02
2.507369e+02
2.508357e+02
2.509367e+02
2.510367e+02
2.511366e+02
2.512366e+02
2.513374e+02
2.514372e+02
2.515356e+02
2.516365e+02
2.517364e+02
2.518362e+02
2.519363e+02
2.520363e+02
2.521367e+02
2.522364e+02
2.523368e+02
2.524386e+02
2.525362e+02
2.526370e+02
2.527372e+02
2.528376e+02
2.529368e+02
2.530370e+02
2.531381e+02
2.532390e+02
2.533371e+02
2.534372e+02
2.535381e+02
2.536368e+02
2.537371e+02
2.538373e+02
2.539374e+02
2.540372e+02
2.541369e+02
2.542370e+02
2.543381e+02
2.544373e+02
2.545376e+02
2.546378e+02
2.547378e+02
2.548372e+02
2.549380e+02
2.550379e+02
2.551384e+02
2.552382e+02
2.553386e+02
2.554374e+02
2.555377e+02
2.556371e+02
2.557379e+02
2.558377e+02
2.559385e+02
2.560378e+02
2.561377e+02
2.562376e+02
2.563378e+02
2.564384e+02
2.565377e+02
2.566387e+02
2.567379e+02
2.568372e+02
2.569385e+02
2.570381e+02
2.571379e+02
2.572381e+02
2.573385e+02
2.574392e+02
2.575392e+02
2.576387e+02
2.577374e+02
2.578395e+02
2.579385e+02
2.580393e+02
2.581393e+02
2.582387e+02
2.583388e+02
2.584391e+02
2.585384e+02
2.586388e+02
2.587390e+02
2.588404e+02
2.589385e+02
2.590384e+02
2.591385e+02
2.592390e+02
2.593387e+02
2.594393e+02
2.595393e+02
2.596388e+02
2.597389e+02
2.598389e+02
2.599390e+02
2.600394e+02
2.601390e+02
2.602396e+02
2.603391e+02
2.604392e+02
2.605392e+02
2.606400e+02
2.607392e+02
2.608392e+02
2.609395e+02
2.610394e+02
2.611393e+02
2.612395e+02
2.613395e+02
2.614397e+02
2.615397e+02
2.616400e+02
2.617397e+02
2.618396e+02
2.619395e+02
2.620401e+02
2.621403e+02
2.622465e+02
2.623406e+02
2.624396e+02
2.625398e+02
2.626401e+02
2.627397e+02
2.628399e+02
2.629391e+02
2.630414e+02
2.631407e+02
2.632407e+02
2.633400e+02
2.634402e+02
2.635402e+02
2.636400e+02
2.637400e+02
2.638403e+02
2.639395e+02
2.640407e+02
2.641406e+02
2.642404e+02
2.643405e+02
2.644405e+02
2.645411e+02
2.646407e+02
2.647410e+02
2.648407e+02
2.649408e+02
2.650399e+02
2.651413e+02
2.652414e+02
2.653411e+02
2.654413e+02
2.655411e+02
2.656418e+02
2.657413e+02
2.658411e+02
2.659412e+02
2.660404e+02
2.661415e+02
2.662419e+02
2.663401e+02
2.664414e+02
2.665415e+02
2.666416e+02
2.667420e+02
2.668417e+02
2.669414e+02
2.670424e+02
2.671429e+02
2.672432e+02
2.673411e+02
2.674581e+02
2.675432e+02
2.676418e+02
2.677420e+02
2.678427e+02
2.679418e+02
2.680417e+02
2.681409e+02
2.682422e+02
2.683420e+02
2.684437e+02
2.685438e+02
2.686431e+02
2.687417e+02
2.688422e+02
2.689425e+02
2.690422e+02
2.691468e+02
2.692418e+02
2.693427e+02
2.694427e+02
2.695428e+02
2.696427e+02
2.697427e+02
2.698428e+02
2.699427e+02
2.700422e+02
2.701430e+02
2.702431e+02
2.703430e+02
2.704430e+02
2.705431e+02
2.706434e+02
2.707416e+02
2.708427e+02
2.709424e+02
2.710423e+02
2.711419e+02
2.712441e+02
2.713444e+02
2.714424e+02
2.715425e+02
2.716426e+02
2.717424e+02
2.718424e+02
2.719424e+02
2.720427e+02
2.721429e+02
2.722424e+02
2.723446e+02
2.724450e+02
2.725430e+02
2.726432e+02
2.727433e+02
2.728431e+02
2.729428e+02
2.730433e+02
2.731434e+02
2.732432e+02
2.733435e+02
2.734435e+02
2.735433e+02
2.736436e+02
2.737429e+02
2.738436e+02
2.739437e+02
2.740438e+02
2.741440e+02
2.742439e+02
2.743428e+02
2.744439e+02
2.745438e+02
2.746436e+02
2.747436e+02
2.748437e+02
2.749440e+02
2.750436e+02
2.751440e+02
2.752439e+02
2.753430e+02
2.754450e+02
2.755435e+02
2.756440e+02
2.757450e+02
2.758443e+02
2.759439e+02
2.760438e+02
2.761440e+02
2.762439e+02
2.763440e+02
2.764452e+02
2.765459e+02
2.766447e+02
2.767437e+02
2.768459e+02
2.769445e+02
2.770450e+02
2.771445e+02
2.772445e+02
2.773447e+02
2.774505e+02
2.775436e+02
2.776449e+02
2.777451e+02
2.778451e+02
2.779450e+02
2.780444e+02
2.781445e+02
2.782443e+02
2.783438e+02
2.784446e+02
2.785451e+02
2.786439e+02
2.787452e+02
2.788445e+02
2.789446e+02
2.790629e+02
2.791447e+02
2.792455e+02
2.793455e+02
2.794442e+02
2.795465e+02
2.796462e+02
2.797445e+02
2.798457e+02
2.799452e+02
2.800452e+02
2.801454e+02
2.802452e+02
2.803452e+02
2.804453e+02
2.805445e+02
2.806447e+02
2.807452e+02
2.808453e+02
2.809452e+02
2.810454e+02
2.811455e+02
2.812471e+02
2.813464e+02
2.814456e+02
2.815450e+02
2.816454e+02
2.817456e+02
2.818456e+02
2.819455e+02
2.820460e+02
2.821455e+02
2.822455e+02
2.823465e+02
2.824486e+02
2.825466e+02
2.826458e+02
2.827457e+02
2.828453e+02
2.829458e+02
2.830459e+02
2.831459e+02
2.832459e+02
2.833459e+02
2.834461e+02
2.835472e+02
2.836459e+02
2.837510e+02
2.838459e+02
2.839471e+02
2.840471e+02
2.841474e+02
2.842475e+02
2.843470e+02
2.844471e+02
2.845475e+02
2.846464e+02
2.847501e+02
2.848488e+02
2.849481e+02
2.850468e+02
2.851468e+02
2.852471e+02
2.853470e+02
2.854469e+02
2.855471e+02
2.856474e+02
2.857479e+02
2.858482e+02
2.859501e+02
2.860476e+02
2.861483e+02
2.862470e+02
2.863472e+02
2.864473e+02
2.865472e+02
2.866473e+02
2.867471e+02
2.868511e+02
2.869474e+02
2.870479e+02
2.871472e+02
2.872472e+02
2.873472e+02
2.874474e+02
2.875474e+02
2.876473e+02
2.877477e+02
2.878475e+02
2.879479e+02
2.880480e+02
2.881478e+02
2.882476e+02
2.883478e+02
2.884476e+02
2.885476e+02
2.886475e+02
2.887471e+02
2.888484e+02
2.889484e+02
2.890500e+02
2.891492e+02
2.892491e+02
2.893488e+02
2.894484e+02
2.895488e+02
2.896487e+02
2.897494e+02
2.898476e+02
2.899482e+02
2.900482e+02
2.901484e+02
2.902490e+02
2.903486e+02
2.904486e+02
2.905477e+02
2.906491e+02
2.907492e+02
2.908478e+02
2.909501e+02
2.910484e+02
2.911713e+02
2.912481e+02
2.913498e+02
2.914495e+02
2.915519e+02
2.916495e+02
2.917494e+02
2.918488e+02
2.919489e+02
2.920483e+02
2.921489e+02
2.922491e+02
2.923495e+02
2.924499e+02
2.925496e+02
2.926491e+02
2.927491e+02
2.928491e+02
2.929487e+02
2.930490e+02
2.931490e+02
2.932493e+02
2.933493e+02
2.934488e+02
2.935511e+02
2.936506e+02
2.937503e+02
2.938502e+02
2.939490e+02
2.940505e+02
2.941506e+02
2.942502e+02
2.943504e+02
2.944496e+02
2.945500e+02
2.946504e+02
2.947497e+02
2.948514e+02
2.949492e+02
2.950500e+02
2.951499e+02
2.952499e+02
2.953505e+02
2.954501e+02
2.955500e+02
2.956502e+02
2.957511e+02
2.958511e+02
2.959529e+02
2.960498e+02
2.961502e+02
2.962503e+02
2.963504e+02
2.964505e+02
2.965507e+02
2.966507e+02
2.967512e+02
2.968515e+02
2.969506e+02
2.970502e+02
2.971537e+02
2.972508e+02
2.973509e+02
2.974508e+02
2.975508e+02
2.976508e+02
2.977508e+02
2.978511e+02
2.979525e+02
2.980551e+02
2.981514e+02
2.982513e+02
2.983504e+02
2.984527e+02
2.985514e+02
2.986515e+02
2.987510e+02
2.988513e+02
2.989514e+02
2.990523e+02
2.991505e+02
2.992526e+02
2.993525e+02
2.994522e+02
2.995519e+02
2.996511e+02
2.997513e+02
2.998513e+02
2.999514e+02
3.000515e+02
3.001522e+02
3.002520e+02
3.003519e+02
3.004520e+02
3.005517e+02
3.006518e+02
3.007519e+02
3.008519e+02
3.009514e+02
3.010520e+02
3.011520e+02
3.012514e+02
3.013528e+02
3.014527e+02
3.015540e+02
3.016518e+02
3.017518e+02
3.018519e+02
3.019520e+02
3.020524e+02
3.021520e+02
3.022514e+02
3.023568e+02
3.024529e+02
3.025528e+02
3.026525e+02
3.027540e+02
3.028536e+02
3.029519e+02
3.030535e+02
3.031528e+02
3.032517e+02
3.033521e+02
3.034526e+02
3.035547e+02
3.036521e+02
3.037545e+02
3.038527e+02
3.039527e+02
3.040528e+02
3.041539e+02
3.042525e+02
3.043534e+02
3.044547e+02
3.045532e+02
3.046535e+02
3.047534e+02
3.048533e+02
3.049536e+02
3.050532e+02
3.051540e+02
3.052532e+02
3.053525e+02
3.054533e+02
3.055534e+02
3.056544e+02
3.057537e+02
3.058537e+02
3.059550e+02
3.060538e+02
3.061536e+02
3.062544e+02
3.063534e+02
3.064539e+02
3.065532e+02
3.066534e+02
3.067533e+02
3.068538e+02
3.069538e+02
3.070546e+02
3.071545e+02
3.072538e+02
3.073538e+02
3.074531e+02
3.075538e+02
3.076533e+02
3.077542e+02
3.078539e+02
3.079543e+02
3.080542e+02
3.081545e+02
3.082541e+02
3.083549e+02
3.084545e+02
3.085542e+02
3.086542e+02
3.087539e+02
3.088539e+02
3.089540e+02
3.090540e+02
3.091544e+02
3.092544e+02
3.093575e+02
3.094550e+02
3.095544e+02
3.096545e+02
3.097562e+02
3.098571e+02
3.099543e+02
3.100546e+02
3.101550e+02
3.102554e+02
3.103585e+02
3.104546e+02
3.105547e+02
3.106547e+02
3.107548e+02
3.108548e+02
3.109552e+02
3.110551e+02
3.111555e+02
3.112550e+02
3.113570e+02
3.114550e+02
3.115542e+02
3.116553e+02
3.117553e+02
3.118553e+02
3.119554e+02
3.120555e+02
3.121555e+02
3.122555e+02
3.123555e+02
3.124563e+02
3.125553e+02
3.126561e+02
3.127561e+02
3.128555e+02
3.129554e+02
3.130555e+02
3.131555e+02
3.132556e+02
3.133578e+02
3.134555e+02
3.135579e+02
3.136556e+02
3.137582e+02
3.138581e+02
3.139560e+02
3.140560e+02
3.141563e+02
3.142561e+02
3.143562e+02
3.144564e+02
3.145563e+02
3.146553e+02
3.147622e+02
3.148570e+02
3.149563e+02
3.150579e+02
3.151568e+02
3.152605e+02
3.153580e+02
3.154582e+02
3.155579e+02
3.156558e+02
3.157588e+02
3.158592e+02
3.159593e+02
3.160593e+02
3.161590e+02
3.162581e+02
3.163584e+02
3.164585e+02
3.165584e+02
3.166586e+02
3.167562e+02
3.168594e+02
3.169582e+02
3.170573e+02
3.171571e+02
3.172571e+02
3.173572e+02
3.174570e+02
3.175571e+02
3.176570e+02
3.177573e+02
3.178576e+02
3.179574e+02
3.180596e+02
3.181580e+02
3.182577e+02
3.183574e+02
3.184577e+02
3.185580e+02
3.186578e+02
3.187577e+02
3.188580e+02
3.189594e+02
3.190574e+02
3.191578e+02
3.192580e+02
3.193578e+02
3.194576e+02
3.195575e+02
3.196574e+02
3.197575e+02
3.198574e+02
3.199579e+02
3.200576e+02
3.201578e+02
3.202585e+02
3.203585e+02
3.204581e+02
3.205580e+02
3.206584e+02
3.207585e+02
3.208601e+02
3.209581e+02
3.210581e+02
3.211582e+02
3.212581e+02
3.213592e+02
3.214586e+02
3.215606e+02
3.216589e+02
3.217584e+02
3.218585e+02
3.219577e+02
3.220587e+02
3.221589e+02
3.222594e+02
3.223589e+02
3.224588e+02
3.225591e+02
3.226589e+02
3.227604e+02
3.228585e+02
3.229588e+02
3.230590e+02
3.231585e+02
3.232592e+02
3.233600e+02
3.234596e+02
3.235625e+02
3.236645e+02
3.237626e+02
3.238595e+02
3.239597e+02
3.240585e+02
3.241613e+02
3.242595e+02
3.243588e+02
3.244596e+02
3.245591e+02
3.246600e+02
3.247599e+02
3.248629e+02
3.249594e+02
3.250586e+02
3.251613e+02
3.252603e+02
3.253608e+02
3.254593e+02
3.255594e+02
3.256604e+02
3.257597e+02
3.258599e+02
3.259648e+02
3.260596e+02
3.261597e+02
3.262609e+02
3.263599e+02
3.264599e+02
3.265603e+02
3.266601e+02
3.267600e+02
3.268602e+02
3.269622e+02
3.270627e+02
3.271589e+02
3.272616e+02
3.273619e+02
3.274613e+02
3.275617e+02
3.276626e+02
3.277619e+02
3.278619e+02
3.279642e+02
3.280648e+02
3.281622e+02
3.282617e+02
3.283619e+02
3.284621e+02
3.285624e+02
3.286625e+02
3.287621e+02
3.288616e+02
3.289625e+02
3.290639e+02
3.291630e+02
3.292617e+02
3.293628e+02
3.294622e+02
3.295630e+02
3.296621e+02
3.297621e+02
3.298621e+02
3.299633e+02
3.300629e+02
3.301631e+02
3.302621e+02
3.303638e+02
3.304638e+02
3.305640e+02
3.306622e+02
3.307612e+02
3.308612e+02
3.309614e+02
3.310620e+02
3.311613e+02
3.312622e+02
3.313629e+02
3.314641e+02
3.315643e+02
3.316626e+02
3.317612e+02
3.318634e+02
3.319622e+02
3.320619e+02
3.321621e+02
3.322630e+02
3.323654e+02
3.324611e+02
3.325644e+02
3.326618e+02
3.327628e+02
3.328636e+02
3.329623e+02
3.330622e+02
3.331632e+02
3.332632e+02
3.333651e+02
3.334632e+02
3.335628e+02
3.336634e+02
3.337627e+02
3.338619e+02
3.339627e+02
3.340632e+02
3.341620e+02
3.342621e+02
3.343629e+02
3.344621e+02
3.345633e+02
3.346631e+02
3.347623e+02
3.348638e+02
3.349625e+02
3.350637e+02
3.351725e+02
3.352664e+02
3.353619e+02
3.354646e+02
3.355629e+02
3.356629e+02
3.357649e+02
3.358630e+02
3.359639e+02
3.360622e+02
3.361648e+02
3.362627e+02
3.363627e+02
3.364628e+02
3.365624e+02
3.366652e+02
3.367635e+02
3.368633e+02
3.369637e+02
3.370792e+02
3.371622e+02
3.372639e+02
3.373624e+02
3.374643e+02
3.375643e+02
3.376625e+02
3.377627e+02
3.378637e+02
3.379675e+02
3.380637e+02
3.381641e+02
3.382632e+02
3.383641e+02
3.384636e+02
3.385628e+02
3.386631e+02
3.387632e+02
3.388649e+02
3.389642e+02
3.390651e+02
3.391641e+02
3.392644e+02
3.393664e+02
3.394639e+02
3.395639e+02
3.396640e+02
3.397632e+02
3.398645e+02
3.399638e+02
3.400638e+02
3.401647e+02
3.402639e+02
3.403634e+02
3.404639e+02
3.405641e+02
3.406639e+02
3.407639e+02
3.408640e+02
3.409641e+02
3.410642e+02
3.411637e+02
3.412647e+02
3.413828e+02
3.414639e+02
3.415643e+02
3.416650e+02
3.417640e+02
3.418639e+02
3.419657e+02
3.420643e+02
3.421645e+02
3.422647e+02
3.423649e+02
3.424639e+02
3.425657e+02
3.426681e+02
3.427655e+02
3.428643e+02
3.429649e+02
3.430651e+02
3.431650e+02
3.432651e+02
3.433652e+02
3.434659e+02
3.435653e+02
3.436654e+02
3.437656e+02
3.438645e+02
3.439650e+02
3.440650e+02
3.441651e+02
3.442655e+02
3.443654e+02
3.444649e+02
3.445664e+02
3.446648e+02
3.447657e+02
3.448908e+02
3.449646e+02
3.450660e+02
3.451662e+02
3.452664e+02
3.453654e+02
3.454658e+02
3.455657e+02
3.456658e+02
3.457657e+02
3.458660e+02
3.459655e+02
3.460671e+02
3.461669e+02
3.462653e+02
3.463660e+02
3.464660e+02
3.465661e+02
3.466660e+02
3.467656e+02
3.468662e+02
3.469668e+02
3.470668e+02
3.471659e+02
3.472666e+02
3.473666e+02
3.474670e+02
3.475668e+02
3.476668e+02
3.477667e+02
3.478670e+02
3.479675e+02
3.480663e+02
3.481664e+02
3.482664e+02
3.483672e+02
3.484669e+02
3.485661e+02
3.486667e+02
3.487664e+02
3.488666e+02
3.489667e+02
3.490661e+02
3.491683e+02
3.492664e+02
3.493687e+02
3.494669e+02
3.495671e+02
3.496682e+02
3.497672e+02
3.498669e+02
3.499668e+02
3.500679e+02
3.501678e+02
3.502677e+02
3.503679e+02
3.504679e+02
3.505675e+02
3.506676e+02
3.507678e+02
3.508678e+02
3.509676e+02
3.510678e+02
3.511672e+02
3.512672e+02
3.513672e+02
3.514682e+02
3.515701e+02
3.516675e+02
3.517686e+02
3.518680e+02
3.519676e+02
3.520676e+02
3.521673e+02
3.522674e+02
3.523684e+02
3.524690e+02
3.525683e+02
3.526682e+02
3.527679e+02
3.528675e+02
3.529681e+02
3.530681e+02
3.531683e+02
3.532679e+02
3.533702e+02
3.534676e+02
3.535688e+02
3.536688e+02
3.537687e+02
3.538691e+02
3.539688e+02
3.540689e+02
3.541686e+02
3.542677e+02
3.543695e+02
3.544707e+02
3.545686e+02
3.546695e+02
3.547698e+02
3.548692e+02
3.549688e+02
3.550687e+02
3.551702e+02
3.552681e+02
3.553693e+02
3.554685e+02
3.555708e+02
3.556707e+02
3.557690e+02
3.558691e+02
3.559710e+02
3.560736e+02
3.561692e+02
3.562691e+02
3.563694e+02
3.564692e+02
3.565690e+02
3.566701e+02
3.567706e+02
3.568708e+02
3.569690e+02
3.570769e+02
3.571694e+02
3.572697e+02
3.573686e+02
3.574709e+02
3.575710e+02
3.576709e+02
3.577711e+02
3.578711e+02
3.579714e+02
3.580708e+02
3.581750e+02
3.582715e+02
3.583711e+02
3.584714e+02
3.585712e+02
3.586714e+02
3.587730e+02
3.588728e+02
3.589717e+02
3.590713e+02
3.591738e+02
3.592721e+02
3.593719e+02
3.594719e+02
3.595721e+02
3.596718e+02
3.597719e+02
3.598720e+02
3.599721e+02
3.600728e+02
3.601720e+02
3.602731e+02
3.603728e+02
3.604727e+02
3.605785e+02
3.606725e+02
3.607728e+02
3.608725e+02
3.609726e+02
3.610723e+02
3.611718e+02
3.612729e+02
3.613721e+02
3.614745e+02
3.615737e+02
3.616728e+02
3.617723e+02
3.618726e+02
3.619728e+02
3.620725e+02
3.621728e+02
3.622825e+02
3.623719e+02
3.624725e+02
3.625717e+02
3.626719e+02
3.627730e+02
3.628716e+02
3.629718e+02
3.630725e+02
3.631715e+02
3.632716e+02
3.633709e+02
3.634728e+02
3.635732e+02
3.636713e+02
3.637712e+02
3.638710e+02
3.639713e+02
3.640714e+02
3.641731e+02
3.642734e+02
3.643744e+02
3.644753e+02
3.645735e+02
3.646766e+02
3.647746e+02
3.648735e+02
3.649734e+02
3.650749e+02
3.651748e+02
3.652732e+02
3.653738e+02
3.654746e+02
3.655734e+02
3.656737e+02
3.657750e+02
3.658750e+02
3.659735e+02
3.660738e+02
3.661952e+02
3.662714e+02
3.663739e+02
3.664740e+02
3.665742e+02
3.666741e+02
3.667750e+02
3.668799e+02
3.669718e+02
3.670717e+02
3.671729e+02
3.672730e+02
3.673727e+02
3.674741e+02
3.675745e+02
3.676741e+02
3.677776e+02
3.678724e+02
3.679730e+02
3.680727e+02
3.681742e+02
3.682726e+02
3.683731e+02
3.684732e+02
3.685743e+02
3.686737e+02
3.687732e+02
3.688750e+02
3.689756e+02
3.690748e+02
3.691866e+02
3.692723e+02
3.693729e+02
3.694728e+02
3.695724e+02
3.696731e+02
3.697734e+02
3.698736e+02
3.699736e+02
3.700847e+02
3.701748e+02
3.702727e+02
3.703730e+02
3.704732e+02
3.705733e+02
3.706735e+02
3.707738e+02
3.708736e+02
3.709736e+02
3.710737e+02
3.711733e+02
3.712740e+02
3.713946e+02
3.714730e+02
3.715742e+02
3.716734e+02
3.717739e+02
3.718741e+02
3.719741e+02
3.720743e+02
3.721734e+02
3.722744e+02
3.723757e+02
3.724742e+02
3.725742e+02
3.726747e+02
3.727745e+02
3.728745e+02
3.729746e+02
3.730744e+02
3.731748e+02
3.732749e+02
3.733752e+02
3.734756e+02
3.735752e+02
3.736753e+02
3.737754e+02
3.738752e+02
3.739754e+02
3.740754e+02
3.741754e+02
3.742739e+02
3.743750e+02
3.744751e+02
3.745754e+02
3.746752e+02
3.747751e+02
3.748753e+02
3.749753e+02
3.750751e+02
3.751751e+02
3.752747e+02
3.753758e+02
3.754762e+02
3.755763e+02
3.756771e+02
3.757762e+02
3.758762e+02
3.759761e+02
3.760763e+02
3.761754e+02
3.762755e+02
3.763748e+02
3.764760e+02
3.765763e+02
3.766760e+02
3.767768e+02
3.768762e+02
3.769761e+02
3.770764e+02
3.771763e+02
3.772762e+02
3.773756e+02
3.774770e+02
3.775769e+02
3.776758e+02
3.777761e+02
3.778765e+02
3.779759e+02
3.780760e+02
3.781762e+02
3.782764e+02
3.783763e+02
3.784757e+02
3.785760e+02
3.786761e+02
3.787756e+02
3.788773e+02
3.789776e+02
3.790765e+02
3.791763e+02
3.792764e+02
3.793763e+02
3.794759e+02
3.795770e+02
3.796761e+02
3.797768e+02
3.798770e+02
3.799770e+02
3.800772e+02
3.801770e+02
3.802770e+02
3.803771e+02
3.804766e+02
3.805770e+02
3.806770e+02
3.807768e+02
3.808769e+02
3.809780e+02
3.810780e+02
3.811772e+02
3.812770e+02
3.813770e+02
3.814770e+02
3.815766e+02
3.816781e+02
3.817770e+02
3.818770e+02
3.819772e+02
3.820771e+02
3.821776e+02
3.822773e+02
3.823779e+02
3.824777e+02
3.825771e+02
3.826769e+02
3.827778e+02
3.828770e+02
3.829771e+02
3.830797e+02
3.831786e+02
3.832779e+02
3.833772e+02
3.834776e+02
3.835777e+02
3.836772e+02
3.837774e+02
3.838781e+02
3.839774e+02
3.840778e+02
3.841779e+02
3.842798e+02
3.843793e+02
3.844808e+02
3.845790e+02
3.846772e+02
3.847792e+02
3.848775e+02
3.849785e+02
3.850784e+02
3.851792e+02
3.852789e+02
3.853786e+02
3.854792e+02
3.855786e+02
3.856778e+02
3.857778e+02
3.858781e+02
3.859782e+02
3.860787e+02
3.861787e+02
3.862788e+02
3.863789e+02
3.864788e+02
3.865793e+02
3.866788e+02
3.867782e+02
3.868801e+02
3.869796e+02
3.870798e+02
3.871794e+02
3.872789e+02
3.873788e+02
3.874787e+02
3.875789e+02
3.876789e+02
3.877782e+02
3.878796e+02
3.879915e+02
3.880784e+02
3.881793e+02
3.882792e+02
3.883792e+02
3.884793e+02
3.885793e+02
3.886793e+02
3.887797e+02
3.888790e+02
3.889800e+02
3.890794e+02
3.891786e+02
3.892786e+02
3.893797e+02
3.894798e+02
3.895801e+02
3.896807e+02
3.897800e+02
3.898790e+02
3.899803e+02
3.900801e+02
3.901794e+02
3.902799e+02
3.903800e+02
3.904799e+02
3.905802e+02
3.906802e+02
3.907801e+02
3.908791e+02
3.909799e+02
3.910800e+02
3.911800e+02
3.912867e+02
3.913794e+02
3.914802e+02
3.915804e+02
3.916818e+02
3.917800e+02
3.918796e+02
3.919808e+02
3.920810e+02
3.921810e+02
3.922802e+02
3.923808e+02
3.924807e+02
3.925812e+02
3.926814e+02
3.927812e+02
3.928812e+02
3.929799e+02
3.930805e+02
3.931805e+02
3.932809e+02
3.933807e+02
3.934806e+02
3.935808e+02
3.936807e+02
3.937809e+02
3.938807e+02
3.939809e+02
3.940805e+02
3.941831e+02
3.942806e+02
3.943816e+02
3.944815e+02
3.945815e+02
3.946820e+02
3.947819e+02
3.948817e+02
3.949907e+02
3.950812e+02
3.951816e+02
3.952812e+02
3.953817e+02
3.954819e+02
3.955816e+02
3.956819e+02
3.957815e+02
3.958817e+02
3.959826e+02
3.960817e+02
3.961820e+02
3.962817e+02
3.963817e+02
3.964819e+02
3.965819e+02
3.966811e+02
3.967819e+02
3.968821e+02
3.969821e+02
3.970818e+02
3.971817e+02
3.972824e+02
3.973822e+02
3.974829e+02
3.975831e+02
3.976827e+02
3.977829e+02
3.978831e+02
3.979828e+02
3.980826e+02
3.981824e+02
3.982828e+02
3.983826e+02
3.984822e+02
3.985824e+02
3.986820e+02
